STATIONS_ID;MESS_DATUM;QN_3;  FX;  FM;QN_4; RSK;RSKF; SDK;SHK_TAG;  NM; VPM;  PM; TMK; UPM; TXK; TNK; TGK;eor
       2932;20190719;   10;   9.1;   3.5;    3;   4.1;   6;    3.100;   0;   7.0;  15.7;  997.99;   20.1;   66.67;   23.8;   16.5;   13.0;eor
       2932;20190720;   10;  20.2;   3.1;    3;  16.0;   6;   11.083;   0;   6.7;  16.1;  997.90;   22.6;   63.00;   30.9;   14.8;   11.6;eor
       2932;20190721;   10;  12.3;   3.8;    3;   0.0;   0;   10.250;   0;   5.0;  15.7; 1002.81;   21.5;   64.08;   27.3;   16.4;   14.2;eor
       2932;20190722;   10;   9.8;   2.6;    3;   0.0;   0;    7.883;   0;   6.4;  14.1; 1006.70;   21.8;   56.54;   27.8;   14.6;   11.5;eor
       2932;20190723;   10;   7.7;   2.3;    3;   0.0;   0;   15.017;   0;   0.7;  15.2; 1005.20;   24.9;   51.00;   32.2;   16.1;   14.5;eor
       2932;20190724;   10;   6.9;   2.2;    3;   0.0;   0;   14.917;   0;   1.1;  14.6; 1001.63;   26.8;   44.96;   34.4;   17.3;   15.0;eor
       2932;20190725;   10;   7.5;   2.8;    3;   0.0;   0;   14.033;   0;   1.9;  13.6; 1000.80;   27.9;   39.08;   35.5;   18.4;   17.4;eor
       2932;20190726;   10;  11.3;   3.8;    3;   0.0;   0;   14.667;   0;   1.1;  15.0;  996.36;   25.2;   48.83;   31.9;   18.4;   17.5;eor
       2932;20190727;   10;  12.0;   4.8;    3;   0.0;   0;   13.200;   0;   2.8;  13.2;  989.03;   24.0;   45.92;   30.1;   16.4;   15.3;eor
       2932;20190728;   10;  11.5;   4.2;    3;   0.0;   0;   11.050;   0;   5.0;  16.5;  985.77;   25.0;   52.71;   30.5;   18.4;   17.6;eor
       2932;20190729;   10;  10.3;   3.9;    3;   0.0;   0;   12.050;   0;   3.7;  19.2;  992.63;   23.5;   66.54;   27.4;   18.3;   17.6;eor
       2932;20190730;   10;   8.2;   3.2;    3;   0.0;   0;    2.900;   0;   6.0;  17.8;  995.65;   23.7;   62.96;   28.6;   18.2;   17.4;eor
       2932;20190731;   10;  11.3;   2.1;    3;   6.8;   6;    3.600;   0;   5.4;  17.9;  999.08;   19.1;   81.71;   25.4;   15.5;   14.1;eor
       2932;20190801;   10;   7.5;   2.3;    3;   0.0;   0;    8.750;   0;   4.3;  13.6; 1000.71;   19.8;   62.25;   25.7;   13.5;   12.1;eor
       2932;20190802;   10;  10.8;   1.8;    3;   0.0;   6;    4.250;   0;   6.0;  14.4;  998.38;   20.0;   63.25;   26.5;   15.9;   13.0;eor
       2932;20190803;   10;  10.1;   2.6;    3;   9.5;   6;    4.333;   0;   5.7;  16.2;  998.63;   18.1;   78.58;   23.2;   15.4;   14.4;eor
       2932;20190804;   10;   6.0;   2.1;    3;   0.0;   0;   11.033;   0;   3.9;  14.8; 1000.02;   19.3;   67.79;   25.3;   13.8;   12.6;eor
       2932;20190805;   10;   9.8;   3.2;    3;   0.0;   6;    2.467;   0;   6.5;  15.6;  996.09;   20.2;   66.46;   26.7;   14.6;   12.9;eor
       2932;20190806;   10;  15.6;   4.6;    3;   0.0;   6;    7.517;   0;   5.9;  16.3;  994.12;   21.9;   64.92;   29.2;   15.8;   14.3;eor
       2932;20190807;   10;  10.3;   4.4;    3;   6.6;   6;    1.850;   0;   6.8;  17.9;  991.82;   19.9;   76.88;   23.8;   17.0;   15.7;eor
       2932;20190808;   10;  14.6;   6.1;    3;   0.0;   0;   12.150;   0;   4.5;  13.9;  995.34;   21.0;   59.38;   27.7;   14.9;   12.5;eor
       2932;20190809;   10;   8.7;   2.8;    3;   3.3;   6;    8.183;   0;   6.6;  15.8;  995.64;   22.8;   58.96;   30.0;   15.8;   13.5;eor
       2932;20190810;   10;  17.0;   6.8;    3;   0.0;   0;    2.833;   0;   5.3;  17.6;  996.13;   22.0;   67.67;   26.1;   18.2;   14.2;eor
       2932;20190811;   10;  10.3;   3.5;    3;   0.0;   6;    8.683;   0;   4.6;  12.5;  999.02;   22.6;   47.58;   29.2;   15.7;   14.2;eor
       2932;20190812;   10;  10.6;   4.0;    3;   0.0;   6;    4.850;   0;   6.9;  12.4;  999.20;   19.4;   55.83;   23.1;   15.8;   15.1;eor
       2932;20190813;   10;  14.6;   5.8;    3;   0.0;   0;   11.650;   0;   4.6;  11.3; 1000.28;   17.6;   58.21;   23.5;   12.2;    9.2;eor
       2932;20190814;   10;  16.5;   3.1;    3;   0.0;   0;    9.183;   0;   3.8;   9.4; 1001.60;   17.0;   50.50;   23.0;   12.7;    9.2;eor
       2932;20190815;   10;  12.3;   5.3;    3;   1.0;   6;    1.467;   0;   6.8;  12.9;  997.10;   16.9;   67.00;   21.9;   12.2;    9.0;eor
       2932;20190816;   10;  12.2;   4.6;    3;   0.0;   6;    9.333;   0;   6.0;  12.6;  999.97;   18.3;   62.54;   24.2;   14.1;   12.6;eor
       2932;20190817;   10;  14.7;   6.1;    3;   1.8;   6;    0.167;   0;   7.3;  13.3;  995.50;   20.1;   57.67;   25.8;   14.3;   12.4;eor
       2932;20190818;   10;  19.0;   5.7;    3;   0.2;   6;    4.617;   0;   6.3;  17.9;  992.38;   21.9;   71.38;   31.3;   16.8;   16.1;eor
       2932;20190819;   10;  14.2;   3.6;    3;   0.0;   0;    8.150;   0;   5.8;  13.1; 1000.11;   20.5;   56.96;   26.0;   16.5;   13.2;eor
       2932;20190820;   10;   7.7;   2.0;    3;   0.9;   6;    3.100;   0;   7.2;  12.3; 1005.89;   18.0;   61.50;   23.7;   11.2;    9.1;eor
       2932;20190821;   10;   5.7;   2.5;    3;   0.0;   0;    9.600;   0;   3.8;  11.4; 1011.49;   17.7;   59.42;   24.0;   11.3;    8.8;eor
       2932;20190822;   10;  13.0;   2.5;    3;   0.0;   0;   13.117;   0;   1.7;  10.6; 1010.74;   19.6;   49.46;   26.6;   11.0;    7.6;eor
       2932;20190823;   10;   8.2;   2.3;    3;   0.0;   0;   13.450;   0;   0.2;  11.4; 1009.40;   20.8;   51.33;   28.8;   11.7;    8.3;eor
       2932;20190824;   10;   9.1;   3.3;    3;   0.0;   0;   12.550;   0;   1.0;  14.2; 1006.36;   22.0;   56.17;   29.7;   12.5;   11.2;eor
       2932;20190825;   10;   9.6;   3.5;    3;   0.0;   0;   10.117;   0;   2.3;  17.2; 1003.63;   24.9;   57.54;   32.8;   17.2;   16.5;eor
       2932;20190826;   10;  11.3;   3.0;    3;   0.0;   0;    9.150;   0;   2.5;  16.8; 1002.99;   24.6;   57.75;   32.6;   17.0;   15.8;eor
       2932;20190827;   10;   9.4;   2.7;    3;   0.0;   0;   11.083;   0;   4.1;  17.7; 1001.01;   24.7;   60.21;   31.7;   17.0;   15.5;eor
       2932;20190828;   10;  12.0;   3.6;    3;   0.6;   6;    7.917;   0;   3.5;  18.5;  999.15;   24.3;   62.92;   33.0;   18.8;   17.1;eor
       2932;20190829;   10;  12.2;   2.5;    3;   8.6;   6;    7.417;   0;   5.0;  19.3; 1001.95;   22.1;   74.42;   29.6;   16.9;   14.4;eor
       2932;20190830;   10;   5.1;   1.9;    3;   0.0;   0;   11.067;   0;   2.3;  18.7; 1005.24;   23.9;   66.00;   30.6;   17.5;   16.6;eor
       2932;20190831;   10;   9.3;   3.2;    3;   0.0;   0;   12.283;   0;   0.5;  17.3;  999.25;   25.4;   57.71;   33.3;   17.4;   15.6;eor
       2932;20190901;   10;  13.4;   4.2;    3;   0.1;   6;    6.367;   0;   5.1;  15.8;  995.95;   21.7;   60.71;   27.7;   15.1;   14.3;eor
       2932;20190902;   10;  11.3;   2.8;    3;   0.0;   0;    9.700;   0;   3.2;   9.6; 1005.25;   16.5;   53.04;   22.0;   11.7;    7.8;eor
       2932;20190903;   10;  11.8;   3.6;    3;   0.0;   0;    5.383;   0;   4.1;   9.5; 1006.83;   16.5;   53.13;   23.5;    9.2;    6.0;eor
       2932;20190904;   10;  12.7;   4.0;    3;   0.7;   6;   12.667;   0;   2.9;  10.5; 1000.05;   19.7;   50.08;   28.1;   11.3;    8.1;eor
       2932;20190905;   10;  15.4;   4.8;    3;   0.0;   0;    6.417;   0;   5.4;  11.4; 1001.00;   17.1;   60.04;   22.0;   11.2;    8.1;eor
       2932;20190906;   10;   6.2;   2.4;    3;   0.0;   0;   12.133;   0;   1.9;   8.7; 1006.97;   14.0;   57.29;   20.8;    8.3;    4.6;eor
       2932;20190907;   10;   8.2;   2.3;    3;   0.0;   6;    1.100;   0;   6.2;   9.3; 1002.14;   14.2;   59.33;   20.0;    8.3;    5.2;eor
       2932;20190908;   10;   9.1;   1.7;    3;   5.8;   6;    1.917;   0;   7.5;  11.3; 1001.17;   15.2;   67.46;   20.5;   10.4;    8.0;eor
       2932;20190909;   10;  12.3;   4.5;    3;  25.7;   6;    0.000;   0;   7.9;  13.4;  996.38;   12.3;   93.63;   12.8;   11.6;   11.2;eor
       2932;20190910;   10;  12.5;   4.2;    3;   0.0;   0;    9.633;   0;   3.3;  10.6; 1001.05;   14.4;   66.96;   19.4;    9.4;    7.9;eor
       2932;20190911;   10;  11.0;   3.4;    3;   0.0;   0;   11.367;   0;   3.1;  10.5; 1006.32;   16.1;   60.42;   22.4;    8.6;    5.8;eor
       2932;20190912;   10;  10.3;   5.0;    3;   0.0;   0;    4.950;   0;   5.2;  14.2; 1011.00;   18.0;   69.58;   23.0;   14.5;   12.3;eor
       2932;20190913;   10;  12.2;   4.6;    3;   0.0;   6;    1.317;   0;   6.2;  14.4; 1013.80;   18.0;   69.46;   23.0;   13.7;   12.1;eor
       2932;20190914;   10;   5.1;   2.0;    3;   0.0;   0;   10.983;   0;   3.8;   9.6; 1016.28;   13.9;   61.92;   19.4;    8.2;    6.1;eor
       2932;20190915;   10;  11.3;   4.5;    3;   0.0;   0;   10.133;   0;   6.0;  10.0; 1005.72;   17.4;   54.63;   25.5;    9.4;    7.0;eor
       2932;20190916;   10;  11.5;   2.3;    3;   1.3;   6;    0.000;   0;   7.8;  12.9; 1003.20;   12.9;   87.00;   15.9;    9.8;    8.0;eor
       2932;20190917;   10;  17.1;   6.1;    3;   0.9;   6;    5.650;   0;   4.3;  10.2; 1001.22;   11.8;   74.79;   16.7;    7.3;    5.5;eor
       2932;20190918;   10;  13.5;   4.9;    3;   0.0;   6;    5.300;   0;   3.4;   8.8; 1007.29;   10.8;   69.29;   15.9;    5.4;    3.3;eor
       2932;20190919;   10;   9.9;   3.6;    3;   0.0;   0;    7.350;   0;   5.8;   7.8; 1011.85;   10.3;   63.83;   15.9;    5.3;    2.3;eor
       2932;20190920;   10;   7.5;   2.2;    3;   0.0;   0;   10.967;   0;   4.4;   8.2; 1012.20;   10.8;   65.79;   17.0;    4.2;    1.5;eor
       2932;20190921;   10;   6.2;   2.8;    3;   0.0;   0;   11.817;   0;   0.6;   9.3; 1006.13;   13.5;   63.38;   21.3;    5.8;    3.1;eor
       2932;20190922;   10;   7.5;   3.5;    3;   0.0;   0;   11.767;   0;   1.5;   9.8;  997.26;   15.6;   58.08;   24.1;    7.4;    3.4;eor
       2932;20190923;   10;   8.6;   2.8;    3;   0.0;   6;    8.100;   0;   6.0;  12.1;  997.12;   15.4;   69.33;   21.2;    9.1;    5.8;eor
       2932;20190924;   10;   5.7;   2.4;    3;   0.0;   6;    4.283;   0;   7.1;  14.1;  996.44;   16.6;   75.75;   21.6;   13.9;   11.8;eor
       2932;20190925;   10;  11.5;   4.2;    3;   1.7;   6;    0.250;   0;   7.3;  14.0;  990.97;   15.0;   81.79;   17.6;   11.3;    8.7;eor
       2932;20190926;   10;  10.3;   4.3;    3;   2.8;   6;    4.750;   0;   6.6;  14.0;  995.27;   16.0;   77.75;   21.0;   11.1;    8.4;eor
       2932;20190927;   10;  10.8;   4.6;    3;   4.7;   6;    1.033;   0;   6.3;  15.4;  994.43;   15.4;   87.96;   17.4;   12.2;    9.4;eor
       2932;20190928;   10;  17.1;   7.5;    3;   0.0;   6;    5.067;   0;   4.8;  12.6;  996.07;   15.4;   72.92;   20.1;   12.0;   10.9;eor
       2932;20190929;   10;  18.5;   7.3;    3;   1.2;   6;    0.800;   0;   6.8;  12.3;  988.70;   16.3;   66.79;   19.6;   13.0;   11.6;eor
       2932;20190930;   10;  24.4;  10.4;    3;   0.8;   6;    2.333;   0;   5.6;  12.1;  988.07;   15.0;   71.54;   17.9;   10.8;    7.8;eor
       2932;20191001;   10;  17.5;   7.7;    3;   2.2;   6;    2.167;   0;   7.1;  13.2;  987.00;   15.7;   74.13;   20.4;   11.5;   10.1;eor
       2932;20191002;   10;  13.7;   4.4;    3;   4.4;   6;    2.000;   0;   5.3;  10.5;  989.87;   10.5;   80.79;   15.3;    5.5;    3.2;eor
       2932;20191003;   10;  14.1;   5.0;    3;   3.8;   6;    2.933;   0;   7.1;  10.3;  997.70;   10.0;   84.17;   13.9;    7.8;    6.9;eor
       2932;20191004;   10;  10.3;   3.4;    3;  24.5;   6;    0.000;   0;   7.9;  10.7;  993.06;    9.6;   89.50;   12.3;    8.3;    7.9;eor
       2932;20191005;   10;  13.0;   4.4;    3;   0.3;   6;    0.417;   0;   7.2;   9.8;  996.21;    8.3;   89.29;   10.6;    4.9;    2.3;eor
       2932;20191006;   10;   9.6;   3.7;    3;   0.0;   0;    1.200;   0;   6.9;   8.2; 1002.74;    6.5;   85.08;    9.8;    3.8;    0.8;eor
       2932;20191007;   10;   5.7;   2.2;    3;   0.0;   6;    9.533;   0;   3.3;   7.0; 1002.88;    6.1;   76.00;   12.3;    0.8;   -1.0;eor
       2932;20191008;   10;  10.3;   5.3;    3;   4.3;   6;    0.000;   0;   7.9;  11.9;  992.94;   11.0;   89.38;   13.4;    6.4;    5.6;eor
       2932;20191009;   10;  12.3;   6.2;    3;   2.3;   6;    4.917;   0;   5.6;  11.3;  991.98;   12.3;   79.75;   16.5;    9.2;    7.3;eor
       2932;20191010;   10;  13.4;   7.1;    3;   0.3;   6;    3.817;   0;   5.8;  10.0;  995.93;   11.2;   75.00;   15.0;    9.0;    7.3;eor
       2932;20191011;   10;  14.1;   6.8;    3;   0.1;   6;    0.383;   0;   7.2;  11.2;  998.66;   12.8;   75.92;   16.4;    7.8;    5.6;eor
       2932;20191012;   10;  14.7;   6.5;    3;   0.0;   6;    9.917;   0;   4.1;  12.8;  995.82;   17.2;   65.63;   21.7;   11.7;    9.8;eor
       2932;20191013;   10;  11.1;   5.5;    3;   0.0;   0;    6.650;   0;   3.6;  15.3;  996.83;   20.0;   65.71;   25.1;   15.7;   14.1;eor
       2932;20191014;   10;   7.7;   3.3;    3;   0.0;   0;    9.750;   0;   2.0;  14.9;  997.66;   17.9;   73.50;   24.2;   12.7;    9.4;eor
       2932;20191015;   10;   6.2;   2.8;    3;   5.5;   6;    8.600;   0;   4.9;  14.5;  990.88;   16.1;   80.71;   23.8;   11.9;    9.2;eor
       2932;20191016;   10;  14.4;   6.8;    3;   2.6;   6;    1.133;   0;   7.3;  12.6;  994.43;   13.7;   80.13;   16.0;   11.1;   10.8;eor
       2932;20191017;   10;  11.1;   5.2;    3;   2.1;   6;    2.600;   0;   6.0;  11.7;  997.08;   14.3;   71.58;   17.8;   11.2;    8.4;eor
       2932;20191018;   10;  11.3;   4.4;    3;   1.9;   6;    3.950;   0;   6.3;  13.1;  994.86;   14.1;   81.04;   18.8;    8.9;    6.1;eor
       2932;20191019;   10;   9.4;   4.4;    3;   0.3;   6;    0.250;   0;   7.4;  12.3;  994.19;   12.9;   82.04;   15.6;    9.5;    6.7;eor
       2932;20191020;   10;   7.2;   3.4;    3;   0.0;   0;    6.233;   0;   6.6;  13.1;  994.30;   14.9;   77.38;   20.3;   11.5;    9.7;eor
       2932;20191021;   10;   6.2;   2.5;    3;   0.0;   0;    0.950;   0;   6.0;  13.6; 1001.45;   13.9;   85.71;   18.8;   10.3;    7.0;eor
       2932;20191022;   10;   5.8;   2.3;    3;   0.0;   0;    6.883;   0;   3.5;  12.7; 1007.45;   12.9;   85.21;   18.1;    8.4;    6.2;eor
       2932;20191023;   10;   4.6;   1.7;    3;   0.2;   6;    0.000;   0;   6.3;  12.0; 1002.38;    9.9;   97.71;   12.3;    7.1;    5.1;eor
       2932;20191024;   10;   9.3;   3.1;    3;   0.0;   0;    5.850;   0;   5.5;  12.9;  995.02;   12.2;   91.08;   17.0;    7.9;    8.5;eor
       2932;20191025;   10;  11.8;   4.8;    3;   0.0;   0;    6.500;   0;   5.8;  12.2; 1003.33;   13.8;   77.21;   18.6;   10.2;    8.5;eor
       2932;20191026;   10;  11.1;   5.1;    3;   0.0;   0;    7.083;   0;   6.3;  11.8; 1001.19;   13.9;   75.42;   19.4;    9.7;    7.9;eor
       2932;20191027;   10;  12.3;   4.1;    3;   2.0;   6;    0.350;   0;   6.3;  10.2; 1001.33;   10.0;   82.88;   16.2;    3.5;    0.4;eor
       2932;20191028;   10;   8.7;   4.3;    3;   0.0;   0;    6.833;   0;   2.7;   8.2; 1005.35;    6.2;   86.50;   11.9;    2.6;    0.2;eor
       2932;20191029;   10;   6.5;   2.1;    3;   0.0;   0;    5.917;   0;   5.4;   7.7; 1008.37;    5.7;   84.21;    9.8;    2.8;   -0.1;eor
       2932;20191030;   10;   5.0;   2.3;    3;   0.0;   0;    3.567;   0;   4.4;   6.7; 1013.04;    2.5;   92.13;    5.0;   -1.3;   -3.4;eor
       2932;20191031;   10;   5.1;   2.0;    3;   0.0;   0;    5.567;   0;   4.4;   5.5; 1009.71;    0.4;   88.54;    5.8;   -4.1;   -5.6;eor
       2932;20191101;   10;   9.8;   4.2;    3;   1.8;   6;    5.450;   0;   5.4;   6.8;  996.31;    3.4;   84.75;    8.1;   -3.4;   -6.2;eor
       2932;20191102;   10;  11.7;   5.9;    3;   0.7;   6;    2.617;   0;   7.0;  12.2;  978.93;   12.5;   83.63;   18.0;    8.1;    7.6;eor
       2932;20191103;   10;  11.8;   4.3;    3;   7.6;   6;    1.117;   0;   7.3;  12.2;  974.21;   11.9;   87.63;   14.4;    9.0;    7.1;eor
       2932;20191104;   10;  11.8;   4.7;    3;   1.3;   6;    2.300;   0;   7.2;  11.2;  975.18;   11.1;   85.00;   13.8;    8.0;    5.8;eor
       2932;20191105;   10;  10.1;   4.3;    3;   0.3;   6;    0.133;   0;   5.5;   9.4;  980.70;    8.4;   85.67;   11.1;    4.7;    1.7;eor
       2932;20191106;   10;  10.3;   4.1;    3;   1.7;   6;    0.833;   0;   7.3;   9.2;  985.17;    7.4;   88.92;   10.7;    4.5;    2.7;eor
       2932;20191107;   10;   9.6;   4.3;    3;   0.0;   0;    4.717;   0;   6.3;   9.1;  987.08;    8.9;   80.54;   12.3;    6.4;    3.1;eor
       2932;20191108;   10;   6.7;   2.6;    3;   1.8;   6;    0.067;   0;   7.6;   9.1;  990.12;    7.1;   90.08;    8.9;    4.7;    2.3;eor
       2932;20191109;   10;   8.2;   3.7;    3;   0.1;   6;    0.000;   0;   7.3;   8.4;  991.70;    5.9;   89.83;    7.1;    1.5;   -0.9;eor
       2932;20191110;   10;   5.3;   1.9;    3;   0.0;   6;    8.367;   0;   1.9;   6.9;  997.18;    3.9;   85.96;    9.5;   -0.6;   -3.1;eor
       2932;20191111;   10;   9.6;   4.7;    3;   0.0;   6;    4.533;   0;   5.7;   6.2;  994.77;    2.0;   88.08;    6.1;   -0.5;   -2.0;eor
       2932;20191112;   10;   9.3;   5.1;    3;   0.0;   0;    2.450;   0;   6.6;   6.7;  989.60;    4.9;   77.54;    8.0;    2.5;    1.6;eor
       2932;20191113;   10;   8.2;   4.0;    3;   0.0;   0;    0.833;   0;   7.3;   6.8;  987.13;    5.1;   77.63;    7.4;    3.3;    1.5;eor
       2932;20191114;   10;  10.1;   4.3;    3;   0.0;   0;    6.983;   0;   4.7;   6.6;  990.94;    4.0;   81.58;    8.2;    0.5;   -2.2;eor
       2932;20191115;   10;  12.2;   4.7;    3;   4.1;   6;    1.150;   0;   7.2;   8.2;  987.40;    5.6;   90.04;    9.5;    2.5;    1.0;eor
       2932;20191116;   10;  10.1;   3.6;    3;   0.3;   6;    2.033;   0;   6.3;   7.7;  992.10;    4.5;   90.88;    7.6;    0.7;   -1.9;eor
       2932;20191117;   10;   7.9;   3.1;    3;   1.0;   6;    0.000;   0;   7.5;   7.6;  993.66;    3.4;   96.83;    6.2;   -0.1;   -2.3;eor
       2932;20191118;   10;  12.3;   4.2;    3;   2.2;   6;    0.000;   0;   6.2;   8.1;  990.66;    5.5;   89.54;    7.3;    3.4;    1.6;eor
       2932;20191119;   10;  14.6;   4.6;    3;   3.1;   6;    1.200;   0;   7.0;   7.3;  999.73;    5.4;   81.17;    6.9;    3.7;    2.3;eor
       2932;20191120;   10;   5.1;   1.5;    3;   0.1;   6;    0.000;   0;   8.0;   7.8; 1001.52;    4.1;   94.79;    4.7;    3.4;    3.0;eor
       2932;20191121;   10;   5.0;   2.1;    3;   2.2;   6;    0.000;   0;   8.0;   9.1;  994.76;    5.8;   98.54;    7.1;    4.5;    4.5;eor
       2932;20191122;   10;   6.2;   2.4;    3;   0.0;   0;    4.017;   0;   5.4;   8.0;  993.49;    4.5;   94.33;    7.8;    0.0;   -2.1;eor
       2932;20191123;   10;  12.5;   4.9;    3;   0.0;   0;    7.017;   0;   3.3;   7.9;  989.49;    5.0;   90.54;   10.6;   -0.9;   -2.6;eor
       2932;20191124;   10;   5.1;   2.2;    3;   0.0;   0;    3.733;   0;   6.4;   7.4;  992.59;    3.1;   96.25;    8.1;    0.3;   -1.0;eor
       2932;20191125;   10;   5.8;   1.7;    3;   0.0;   0;    0.000;   0;   8.0;   7.3;  995.01;    2.5;   99.54;    3.3;    1.3;    1.7;eor
       2932;20191126;   10;   8.2;   4.1;    3;   0.0;   0;    1.400;   0;   7.5;   8.3;  991.27;    6.0;   89.17;    9.5;    3.0;    2.7;eor
       2932;20191127;   10;  10.3;   5.2;    3;   3.3;   6;    0.183;   0;   6.8;   8.8;  981.36;    6.6;   89.46;    8.5;    4.1;    3.3;eor
       2932;20191128;   10;  18.9;   8.3;    3;   2.6;   6;    3.483;   0;   6.3;   9.1;  977.38;   10.0;   74.58;   12.7;    7.7;    6.1;eor
       2932;20191129;   10;  14.7;   6.7;    3;   0.2;   6;    4.400;   0;   5.0;   7.0;  989.33;    5.3;   77.75;    9.2;   -0.7;   -3.6;eor
       2932;20191130;   10;   9.4;   3.7;    3;   0.0;   0;    3.283;   0;   3.6;   6.2; 1005.30;    1.7;   90.33;    5.8;   -0.9;   -4.9;eor
       2932;20191201;   10;   4.1;   2.0;    3;   0.0;   0;    2.617;   0;   7.2;   6.1; 1005.28;    1.1;   93.00;    5.1;   -1.2;   -3.3;eor
       2932;20191202;   10;   9.8;   4.6;    3;   0.3;   6;    0.300;   0;   6.9;   6.5; 1005.46;    2.1;   90.88;    4.6;   -0.4;   -1.3;eor
       2932;20191203;   10;   6.7;   3.4;    3;   0.2;   6;    0.133;   0;   7.3;   7.3; 1010.37;    3.8;   90.92;    5.9;    2.0;    0.8;eor
       2932;20191204;   10;   7.2;   3.1;    3;   0.0;   0;    7.583;   0;   2.5;   6.1; 1007.47;    2.5;   83.79;    6.1;   -1.3;   -4.2;eor
       2932;20191205;   10;  12.3;   4.7;    3;   0.0;   0;    7.500;   0;   1.7;   5.2; 1003.65;    0.6;   81.38;    4.5;   -2.1;   -4.7;eor
       2932;20191206;   10;  16.1;   6.4;    3;   1.2;   6;    2.017;   0;   5.0;   5.5;  995.95;    2.6;   73.88;    6.2;   -1.4;   -3.3;eor
       2932;20191207;   10;  16.8;   8.8;    3;   0.0;   6;    1.233;   0;   7.3;   8.3;  993.51;    7.6;   79.38;    9.9;    5.5;    4.2;eor
       2932;20191208;   10;  18.7;   8.2;    3;   1.0;   6;    0.000;   0;   7.4;   8.4;  988.37;    9.0;   73.00;   11.1;    6.8;    5.8;eor
       2932;20191209;   10;  14.7;   6.6;    3;   0.6;   6;    3.233;   0;   6.7;   7.6;  985.69;    7.0;   76.33;    9.6;    4.1;    2.0;eor
       2932;20191210;   10;  11.7;   5.3;    3;   0.0;   0;    4.867;   0;   2.4;   6.1; 1005.28;    2.8;   82.21;    5.6;    0.1;   -1.6;eor
       2932;20191211;   10;  12.9;   5.6;    3;   2.8;   8;    0.083;   0;   7.5;   5.2;  995.10;    2.6;   70.46;    4.3;    0.7;   -0.4;eor
       2932;20191212;   10;   9.1;   4.7;    3;   0.0;   0;    1.067;   0;   6.6;   6.4;  986.02;    2.1;   90.33;    4.1;   -0.1;   -1.9;eor
       2932;20191213;   10;  10.3;   4.6;    3;   7.4;   8;    2.367;   0;   4.8;   5.8;  968.49;    1.1;   86.46;    3.6;   -1.7;   -3.3;eor
       2932;20191214;   10;  19.2;   8.4;    3;   2.2;   6;    0.500;   0;   6.7;   6.9;  974.74;    4.6;   81.88;    6.3;    3.0;    1.3;eor
       2932;20191215;   10;  14.6;   7.0;    3;   0.6;   6;    0.933;   0;   6.7;   7.5;  986.65;    6.5;   76.92;   10.1;    2.4;   -0.1;eor
       2932;20191216;   10;  10.3;   4.5;    3;   0.9;   6;    0.033;   0;   6.5;   8.7;  992.95;    7.6;   82.50;   11.0;    4.4;    2.7;eor
       2932;20191217;   10;  12.0;   5.1;    3;   0.0;   0;    2.050;   0;   6.7;   8.3;  990.56;   10.0;   67.29;   15.0;    6.2;    4.8;eor
       2932;20191218;   10;   9.8;   3.3;    3;   0.3;   6;    0.000;   0;   5.3;   8.8; 1000.00;    7.6;   85.21;   11.4;    1.4;   -0.5;eor
       2932;20191219;   10;   7.4;   3.4;    3;   0.0;   0;    3.750;   0;   4.5;   8.1;  998.51;    4.8;   93.29;    8.5;    2.0;   -0.6;eor
       2932;20191220;   10;   9.4;   3.9;    3;   0.4;   6;    4.883;   0;   5.0;   8.0;  980.22;    6.6;   81.71;   11.1;    0.9;   -1.5;eor
       2932;20191221;   10;   9.6;   4.3;    3;   0.0;   0;    5.083;   0;   3.8;   7.8;  977.77;    6.1;   83.13;    9.7;    1.5;   -0.5;eor
       2932;20191222;   10;   9.1;   4.3;    3;   0.1;   6;    0.000;   0;   6.2;   7.5;  973.13;    4.5;   88.71;    7.6;    0.9;   -0.8;eor
       2932;20191223;   10;  11.5;   6.0;    3;   0.2;   6;    0.617;   0;   6.8;   8.1;  987.31;    6.5;   84.04;    8.1;    4.6;    3.2;eor
       2932;20191224;   10;  13.4;   5.9;    3;   4.3;   6;    2.367;   0;   6.6;   7.8;  994.33;    5.8;   84.21;    8.3;    3.6;    2.0;eor
       2932;20191225;   10;   9.6;   4.1;    3;   1.6;   6;    0.000;   0;   7.5;   8.3;  998.77;    5.6;   91.42;    6.7;    3.9;    1.8;eor
       2932;20191226;   10;   7.4;   3.1;    3;   0.0;   6;    1.567;   0;   6.7;   7.1; 1007.61;    3.8;   88.75;    5.9;    0.9;   -1.0;eor
       2932;20191227;   10;   7.2;   2.4;    3;   0.0;   6;    0.000;   0;   7.3;   6.3; 1012.75;    2.3;   87.75;    4.1;    0.5;   -2.7;eor
       2932;20191228;   10;   5.5;   1.8;    3;   0.0;   0;    0.083;   0;   6.8;   5.0; 1024.62;   -0.4;   83.25;    1.3;   -4.1;   -6.9;eor
       2932;20191229;   10;   8.2;   3.8;    3;   0.0;   0;    7.017;   0;   5.1;   4.4; 1022.18;   -1.4;   79.67;    1.9;   -5.1;   -7.4;eor
       2932;20191230;   10;  11.8;   6.3;    3;   0.0;   0;    3.900;   0;   5.5;   4.2; 1013.98;    4.2;   51.71;    8.2;    0.8;    0.4;eor
       2932;20191231;   10;  11.0;   5.1;    3;   0.0;   0;    2.533;   0;   4.9;   5.8; 1013.68;    3.7;   73.04;    7.0;   -0.5;   -3.4;eor
       2932;20200101;   10;   6.0;   3.2;    3;   0.0;   0;    7.133;   0;   2.2;   5.7; 1017.04;    1.1;   85.54;    4.8;   -2.1;   -3.9;eor
       2932;20200102;   10;  11.3;   4.5;    3;   0.0;   6;    7.533;   0;   2.3;   4.8; 1010.80;    1.1;   73.50;    5.7;   -3.1;   -6.4;eor
       2932;20200103;   10;  19.5;   6.9;    3;   0.7;   6;    0.000;   0;   7.2;   7.3; 1003.05;    5.3;   81.46;    8.3;    1.5;    0.0;eor
       2932;20200104;   10;  16.3;   7.5;    3;   2.1;   6;    0.000;   0;   6.1;   6.7; 1007.12;    3.9;   82.83;    5.5;    1.4;   -0.5;eor
       2932;20200105;   10;   7.5;   3.8;    3;   0.0;   6;    1.633;   0;   6.4;   6.0; 1017.08;    2.4;   82.58;    4.7;   -1.4;   -3.5;eor
       2932;20200106;   10;   7.2;   3.8;    3;   0.0;   0;    0.000;   0;   5.8;   6.3; 1011.22;    3.3;   81.71;    5.1;   -0.4;   -2.1;eor
       2932;20200107;   10;   8.7;   5.2;    3;   0.1;   6;    0.000;   0;   5.6;   6.4; 1009.12;    2.2;   89.21;    4.7;   -0.8;   -3.4;eor
       2932;20200108;   10;  11.3;   6.5;    3;   7.7;   6;    0.000;   0;   7.8;   7.9; 1008.20;    5.6;   85.75;    7.3;    2.8;    2.0;eor
       2932;20200109;   10;   9.3;   5.0;    3;  12.3;   6;    0.000;   0;   8.0;  10.2; 1001.25;    8.2;   93.79;   10.2;    6.2;    5.7;eor
       2932;20200110;   10;  15.6;   6.6;    3;   1.6;   6;    1.433;   0;   7.0;   9.2; 1000.36;    8.6;   81.92;   10.7;    4.7;    3.3;eor
       2932;20200111;   10;  12.2;   4.9;    3;   0.0;   0;    3.600;   0;   6.2;   6.4; 1013.86;    3.9;   78.50;    6.0;    0.9;   -0.7;eor
       2932;20200112;   10;  15.3;   7.0;    3;   0.0;   6;    3.367;   0;   5.5;   5.8; 1006.82;    2.8;   77.17;    5.6;   -0.3;   -2.0;eor
       2932;20200113;   10;  11.8;   5.6;    3;   0.0;   0;    1.333;   0;   5.5;   7.1; 1004.02;    4.7;   83.33;    7.2;    2.9;    1.1;eor
       2932;20200114;   10;  14.2;   7.9;    3;   0.0;   6;    0.000;   0;   6.7;   7.0;  996.29;    7.7;   67.21;   11.0;    3.1;    1.7;eor
       2932;20200115;   10;  12.9;   6.3;    3;   0.0;   6;    5.283;   0;   5.7;   7.3;  999.98;    9.8;   60.08;   12.3;    7.1;    4.2;eor
       2932;20200116;   10;   7.2;   3.2;    3;   0.0;   0;    7.683;   0;   2.1;   8.1; 1010.60;    7.2;   80.38;   11.7;    3.2;   -1.3;eor
       2932;20200117;   10;   8.7;   4.2;    3;   0.7;   6;    7.500;   0;   2.4;   7.0; 1003.26;    4.5;   84.13;    8.6;   -0.9;   -3.3;eor
       2932;20200118;   10;   9.8;   4.6;    3;   0.0;   6;    1.933;   0;   6.5;   6.8; 1007.01;    4.3;   81.54;    6.9;    0.1;   -3.2;eor
       2932;20200119;   10;   6.3;   2.6;    3;   0.3;   8;    0.000;   0;   7.5;   6.7; 1017.96;    2.7;   90.71;    4.7;   -1.1;   -3.2;eor
       2932;20200120;   10;   4.8;   2.1;    3;   0.0;   0;    1.483;   0;   5.8;   6.2; 1029.04;    2.1;   87.38;    5.0;   -2.1;   -5.4;eor
       2932;20200121;   10;   7.2;   4.1;    3;   0.0;   0;    8.167;   0;   1.5;   5.1; 1024.12;   -0.2;   83.96;    4.3;   -3.8;   -6.5;eor
       2932;20200122;   10;   8.7;   4.2;    3;   0.0;   6;    0.000;   0;   5.5;   5.6; 1017.66;   -0.3;   93.00;    1.9;   -4.5;   -7.4;eor
       2932;20200123;   10;   4.1;   2.0;    3;   0.0;   0;    0.033;   0;   5.6;   6.0; 1015.83;    1.6;   87.13;    4.9;   -3.2;   -7.5;eor
       2932;20200124;   10;   8.7;   3.9;    3;   0.0;   0;    7.983;   0;   1.5;   5.0; 1006.86;   -1.3;   88.88;    2.5;   -3.8;   -7.1;eor
       2932;20200125;   10;   6.5;   2.8;    3;   0.0;   7;    0.000;   0;   8.0;   5.2; 1005.74;   -1.2;   93.04;   -0.9;   -1.7;   -1.6;eor
       2932;20200126;   10;   6.2;   2.7;    3;   0.0;   6;    0.000;   0;   7.7;   5.9; 1002.35;    0.2;   94.83;    2.9;   -1.8;   -1.6;eor
       2932;20200127;   10;  14.7;   5.3;    3;   0.4;   6;    2.683;   0;   7.1;   7.3;  994.26;    5.2;   82.46;    9.1;    1.7;   -0.2;eor
       2932;20200128;   10;  20.7;   8.6;    3;   0.6;   6;    1.533;   0;   6.6;   6.8;  979.79;    5.2;   76.54;    9.0;    2.2;    0.9;eor
       2932;20200129;   10;  16.8;   9.4;    3;   0.2;   6;    0.833;   0;   5.9;   5.8;  988.15;    3.6;   73.83;    5.8;    1.1;   -0.5;eor
       2932;20200130;   10;  17.0;   7.7;    3;   0.1;   6;    0.000;   0;   7.1;   6.7;  992.41;    5.7;   73.25;    8.6;    1.4;   -0.2;eor
       2932;20200131;   10;  17.0;   8.9;    3;   0.0;   0;    1.733;   0;   7.3;   9.7;  989.53;   11.1;   73.29;   13.7;    8.4;    7.7;eor
       2932;20200201;   10;  16.3;   7.9;    3;   7.5;   6;    0.000;   0;   7.7;  10.6;  988.22;   10.8;   81.42;   13.5;    7.0;    5.9;eor
       2932;20200202;   10;  14.7;   6.0;    3;  11.6;   6;    0.000;   0;   7.6;   8.3;  991.17;    7.0;   83.46;    8.4;    5.4;    5.1;eor
       2932;20200203;   10;  16.6;   5.7;    3;  12.7;   6;    0.183;   0;   7.5;   9.1;  992.45;    8.3;   82.83;   10.6;    5.6;    4.0;eor
       2932;20200204;   10;  18.9;   5.8;    3;   1.6;   8;    1.900;   0;   6.8;   6.9;  992.02;    4.5;   82.17;    6.8;    1.8;    1.3;eor
       2932;20200205;   10;  16.8;   5.7;    3;   0.0;   0;    4.817;   0;   6.0;   5.4; 1013.14;    2.1;   75.96;    4.0;   -1.6;   -3.9;eor
       2932;20200206;   10;  10.1;   4.6;    3;   0.0;   6;    0.017;   0;   7.5;   6.0; 1013.74;    2.6;   81.29;    5.1;   -0.8;   -2.9;eor
       2932;20200207;   10;   7.0;   2.3;    3;   0.0;   6;    0.000;   0;   7.6;   6.7; 1012.87;    4.2;   81.63;    5.9;    0.7;   -2.9;eor
       2932;20200208;   10;   9.8;   4.6;    3;   0.0;   0;    7.200;   0;   3.3;   5.9; 1007.22;    4.3;   72.33;    9.8;   -0.4;   -3.8;eor
       2932;20200209;   10;  24.4;   9.2;    3;   5.2;   6;    5.400;   0;   7.0;   7.3;  994.69;    9.2;   62.63;   13.4;    3.5;    2.0;eor
       2932;20200210;   10;  28.3;  12.7;    3;   3.5;   8;    2.617;   0;   6.4;   7.6;  977.52;    7.4;   73.46;   13.5;    2.7;    1.4;eor
       2932;20200211;   10;  23.5;  10.0;    3;   0.3;   8;    0.850;   0;   6.0;   5.8;  983.80;    3.4;   75.08;    6.9;    0.2;   -0.7;eor
       2932;20200212;   10;  21.8;   9.9;    3;   0.0;   6;    6.750;   0;   2.7;   5.3;  994.18;    3.3;   68.71;    7.2;    0.8;   -1.0;eor
       2932;20200213;   10;  12.9;   5.7;    3;   0.5;   6;    1.433;   0;   6.1;   6.0;  993.70;    3.2;   78.08;    5.9;   -0.4;   -3.1;eor
       2932;20200214;   10;   9.4;   4.0;    3;   3.0;   6;    0.000;   0;   6.5;   7.6; 1000.18;    4.8;   88.75;    7.5;    1.5;   -0.2;eor
       2932;20200215;   10;  12.9;   5.5;    3;   0.0;   0;    6.700;   0;   5.7;   7.2; 1005.08;    6.0;   77.54;   10.5;    1.8;    0.3;eor
       2932;20200216;   10;  21.8;   9.3;    3;   0.0;   6;    0.367;   0;   7.2;   7.4;  993.38;   12.4;   52.25;   16.3;    7.3;    5.6;eor
       2932;20200217;   10;  17.8;   8.1;    3;   0.0;   6;    0.083;   0;   7.0;   7.6;  997.39;    9.2;   65.83;   15.6;    5.8;    4.2;eor
       2932;20200218;   10;  19.4;   8.8;    3;   0.6;   6;    4.183;   0;   5.7;   6.7; 1003.13;    6.5;   69.88;    9.7;    4.0;    2.6;eor
       2932;20200219;   10;  15.6;   7.3;    3;   2.4;   8;    1.700;   0;   7.2;   6.5;  999.74;    5.1;   73.75;    7.0;    0.7;   -1.3;eor
       2932;20200220;   10;  14.9;   5.9;    3;   1.2;   6;    0.100;   0;   6.2;   6.6; 1000.96;    4.9;   75.38;    8.3;    0.1;   -2.0;eor
       2932;20200221;   10;  19.9;   8.9;    3;   0.0;   0;    3.117;   0;   6.9;   6.3; 1005.19;    5.7;   69.13;    8.0;    1.9;    0.5;eor
       2932;20200222;   10;  21.4;  10.1;    3;   0.1;   6;    0.100;   0;   7.3;   6.5; 1002.43;    8.3;   59.38;   12.2;    3.6;    2.1;eor
       2932;20200223;   10;  25.0;   9.9;    3;   6.6;   6;    0.117;   0;   7.2;   9.2;  995.13;    8.7;   81.04;   12.7;    4.3;    3.0;eor
       2932;20200224;   10;  14.9;   6.9;    3;   0.6;   6;    3.367;   0;   6.7;   6.8;  998.69;    5.4;   74.92;    9.8;    1.9;    0.0;eor
       2932;20200225;   10;  16.8;   7.6;    3;   1.7;   6;    3.200;   0;   6.3;   8.1;  982.25;    8.2;   73.46;   11.4;    3.7;    1.8;eor
       2932;20200226;   10;  17.7;   6.4;    3;   3.5;   8;    1.633;   0;   7.0;   6.5;  979.95;    2.8;   86.54;    5.7;    0.2;   -0.6;eor
       2932;20200227;   10;  11.7;   5.1;    3;   0.3;   8;    1.317;   0;   7.3;   6.0;  985.47;    3.0;   79.67;    6.2;    0.8;    0.4;eor
       2932;20200228;   10;  16.3;   6.6;    3;   4.2;   8;    2.300;   0;   7.1;   5.9;  996.30;    3.1;   77.71;    7.5;    0.6;   -0.8;eor
       2932;20200229;   10;  14.4;   7.5;    3;   0.4;   6;    1.267;   0;   7.2;   7.7;  983.00;    6.7;   78.54;   12.1;    0.5;    0.0;eor
       2932;20200301;   10;  24.2;   6.1;    3;   2.6;   6;    3.217;   0;   5.5;   7.1;  981.21;    6.6;   72.92;   11.1;    2.7;    0.7;eor
       2932;20200302;   10;  14.6;   5.5;    3;   0.7;   6;    7.250;   0;   6.4;   7.0;  977.32;    6.3;   73.92;    9.8;    4.0;    3.2;eor
       2932;20200303;   10;  13.5;   4.1;    3;   2.1;   6;    0.167;   0;   6.3;   6.7;  983.67;    4.1;   81.88;    7.5;    0.1;   -2.9;eor
       2932;20200304;   10;  11.3;   5.1;    3;   0.0;   6;    5.717;   0;   4.3;   6.2;  994.15;    3.5;   79.33;    8.0;   -1.0;   -3.7;eor
       2932;20200305;   10;  11.1;   4.9;    3;   2.3;   6;    5.517;   0;   5.8;   6.1;  985.31;    5.2;   71.04;   11.0;   -0.4;   -2.1;eor
       2932;20200306;   10;  14.7;   6.0;    3;   3.4;   6;    0.050;   0;   7.5;   8.0;  976.84;    6.2;   84.96;    9.9;    2.4;    2.2;eor
       2932;20200307;   10;  14.1;   5.6;    3;   0.1;   6;    3.183;   0;   6.8;   6.6;  997.20;    4.6;   78.92;    7.6;    2.3;   -0.9;eor
       2932;20200308;   10;  13.0;   5.3;    3;   2.6;   6;    1.783;   0;   5.9;   6.8;  999.77;    5.7;   73.92;   10.9;    0.4;   -1.5;eor
       2932;20200309;   10;  10.8;   4.1;    3;   1.5;   6;    2.183;   0;   6.2;   8.1;  995.68;    7.0;   80.79;   11.8;    3.1;    0.4;eor
       2932;20200310;   10;  15.3;   7.7;    3;   7.7;   6;    0.000;   0;   7.0;   8.2;  991.33;    6.5;   83.75;   11.7;    3.0;    1.6;eor
       2932;20200311;   10;  16.8;   5.9;    3;   1.0;   6;    0.800;   0;   7.5;  10.6;  993.51;   10.2;   84.42;   12.3;    7.9;    7.0;eor
       2932;20200312;   10;  20.6;   8.8;    3;   0.4;   6;    4.250;   0;   5.2;   7.9;  992.05;   10.2;   61.83;   14.1;    1.8;   -1.2;eor
       2932;20200313;   10;  21.6;   8.8;    3;   0.0;   6;    4.867;   0;   5.5;   6.3;  997.70;    6.1;   67.92;   10.5;    3.2;    1.6;eor
       2932;20200314;   10;   8.6;   3.0;    3;   0.0;   0;   10.583;   0;   3.3;   5.3; 1007.27;    3.4;   69.17;    8.5;   -1.5;   -5.8;eor
       2932;20200315;   10;  13.5;   6.0;    3;   0.0;   0;   11.083;   0;   3.8;   4.7; 1003.55;    6.1;   52.08;   13.3;   -0.4;   -2.7;eor
       2932;20200316;   10;   8.2;   4.0;    3;   0.0;   0;   10.483;   0;   4.8;   6.4; 1003.48;    9.2;   54.38;   16.4;    3.0;    0.8;eor
       2932;20200317;   10;   7.2;   2.7;    3;   0.7;   6;    3.767;   0;   6.6;   9.0; 1011.35;    8.7;   79.50;   14.0;    4.7;    1.2;eor
       2932;20200318;   10;  11.8;   4.5;    3;   0.0;   0;   10.900;   0;   5.1;   8.5; 1010.37;   10.7;   67.92;   17.3;    4.9;    2.8;eor
       2932;20200319;   10;   5.7;   2.6;    3;   0.0;   0;    3.883;   0;   6.0;   9.2; 1008.60;   10.8;   72.42;   15.8;    6.7;    2.1;eor
       2932;20200320;   10;  10.1;   3.7;    3;   0.8;   6;    0.000;   0;   7.9;   8.4; 1008.67;    6.7;   85.21;    9.0;    4.2;    3.5;eor
       2932;20200321;   10;  13.4;   5.3;    3;   0.0;   0;    5.500;   0;   5.0;   5.3; 1012.55;    3.3;   68.75;    6.3;   -1.9;   -4.4;eor
       2932;20200322;   10;  11.3;   4.3;    3;   0.0;   0;   11.583;   0;   0.9;   3.6; 1018.60;    0.5;   57.92;    5.8;   -3.5;   -8.0;eor
       2932;20200323;   10;  10.1;   3.7;    3;   0.0;   0;   11.900;   0;   0.3;   2.9; 1021.40;    0.1;   47.83;    5.1;   -5.2;   -9.7;eor
       2932;20200324;   10;  11.3;   4.1;    3;   0.0;   0;   11.950;   0;   0.0;   3.0; 1018.95;    0.6;   49.46;    7.3;   -6.0;   -9.2;eor
       2932;20200325;   10;  12.3;   4.9;    3;   0.0;   0;   11.917;   0;   0.0;   3.1; 1013.77;    1.6;   47.04;    8.7;   -4.8;   -7.2;eor
       2932;20200326;   10;  13.7;   5.9;    3;   0.0;   0;   10.100;   0;   2.8;   4.0; 1008.99;    4.1;   50.04;   10.8;   -4.1;   -6.1;eor
       2932;20200327;   10;  11.3;   4.8;    3;   0.0;   0;   10.650;   0;   1.2;   5.5; 1004.80;    8.2;   51.46;   16.6;    1.2;   -0.2;eor
       2932;20200328;   10;   9.6;   3.6;    3;   0.0;   0;   11.533;   0;   0.1;   5.9; 1003.11;    7.0;   60.92;   13.7;    0.5;   -2.2;eor
       2932;20200329;   10;  14.2;   5.5;    3;   1.5;   8;    0.050;   0;   5.5;   5.8; 1006.70;    2.5;   78.38;    4.9;   -2.4;   -5.2;eor
       2932;20200330;   10;  11.0;   3.4;    3;   0.2;   8;    7.200;   0;   4.3;   4.2; 1010.97;    0.6;   66.00;    5.9;   -6.2;   -8.8;eor
       2932;20200331;   10;   9.3;   3.0;    3;   0.0;   0;    8.833;   0;   3.7;   4.0; 1012.46;    1.5;   60.50;    4.9;   -2.7;   -7.8;eor
       2932;20200401;   10;   8.7;   2.8;    3;   0.0;   0;   12.517;   0;   0.0;   3.8; 1004.53;    2.7;   53.08;   10.0;   -5.3;   -8.7;eor
       2932;20200402;   10;  12.3;   3.9;    3;   0.0;   6;   10.167;   0;   2.5;   5.0;  995.78;    4.8;   60.42;   11.9;   -2.2;   -5.3;eor
       2932;20200403;   10;   9.6;   3.7;    3;   0.0;   0;    2.450;   0;   7.0;   5.8;  997.94;    6.7;   59.71;   10.3;    3.6;    1.9;eor
       2932;20200404;   10;   5.7;   2.2;    3;   0.0;   0;    6.117;   0;   4.0;   5.6; 1008.95;    6.8;   58.04;   11.7;    1.8;   -1.2;eor
       2932;20200405;   10;  15.1;   4.9;    3;   0.0;   0;   12.400;   0;   0.1;   5.9; 1010.82;    8.3;   56.71;   16.5;   -0.3;   -2.5;eor
       2932;20200406;   10;   7.2;   3.4;    3;   0.0;   0;   12.817;   0;   0.0;   6.1; 1007.11;   11.9;   47.29;   21.2;    1.7;   -2.7;eor
       2932;20200407;   10;   9.3;   3.3;    3;   0.0;   0;   10.600;   0;   1.0;   9.7; 1013.69;   12.6;   64.88;   18.4;    5.9;    0.6;eor
       2932;20200408;   10;   7.0;   2.6;    3;   0.0;   0;   12.600;   0;   0.0;   7.4; 1009.97;   13.4;   52.33;   21.6;    5.2;    1.1;eor
       2932;20200409;   10;   9.1;   3.2;    3;   0.0;   0;   11.850;   0;   2.0;   7.9; 1007.48;   12.1;   56.50;   18.3;    5.7;    1.0;eor
       2932;20200410;   10;   7.5;   2.4;    3;   0.0;   0;   11.333;   0;   4.4;   7.8; 1009.40;   10.6;   62.50;   16.7;    4.7;    1.2;eor
       2932;20200411;   10;   6.9;   2.1;    3;   0.0;   0;   13.083;   0;   5.9;   5.1; 1009.52;    9.0;   47.25;   15.0;    1.8;   -1.5;eor
       2932;20200412;   10;   9.8;   3.4;    3;   0.8;   6;   11.517;   0;   2.4;   7.4;  999.55;   14.1;   47.83;   23.2;    3.4;   -1.2;eor
       2932;20200413;   10;  14.4;   5.1;    3;   0.9;   6;    4.300;   0;   5.5;   6.2;  999.05;    7.9;   56.79;   12.8;    2.5;    0.4;eor
       2932;20200414;   10;  10.6;   3.9;    3;   0.0;   7;   10.200;   0;   2.8;   4.5; 1006.47;    5.0;   53.92;    9.8;    0.6;   -1.7;eor
       2932;20200415;   10;  11.1;   4.0;    3;   0.0;   0;   10.800;   0;   5.7;   5.7; 1006.78;    8.1;   54.83;   16.1;    0.4;   -1.5;eor
       2932;20200416;   10;   5.7;   2.5;    3;   0.0;   0;   12.450;   0;   4.9;   7.5; 1000.84;   12.5;   53.21;   21.1;    2.5;   -1.3;eor
       2932;20200417;   10;   5.1;   2.2;    3;   0.0;   0;   12.567;   0;   2.3;   8.0; 1000.94;   11.4;   60.54;   18.5;    4.0;    2.0;eor
       2932;20200418;   10;   8.6;   2.9;    3;   0.0;   6;   10.433;   0;   3.9;   6.9; 1000.40;   11.9;   50.88;   19.1;    3.8;    2.4;eor
       2932;20200419;   10;   9.9;   4.1;    3;   0.0;   0;   12.100;   0;   2.5;   4.9; 1004.08;    9.6;   42.08;   15.1;    3.4;    0.5;eor
       2932;20200420;   10;  13.9;   5.5;    3;   0.0;   0;   13.583;   0;   0.0;   5.0; 1007.43;    8.6;   46.50;   15.4;    0.7;   -1.9;eor
       2932;20200421;   10;  14.9;   6.6;    3;   0.0;   0;   13.200;   0;   0.0;   5.8; 1006.92;   10.7;   47.25;   17.7;    3.8;    1.7;eor
       2932;20200422;   10;  12.3;   4.8;    3;   0.0;   0;   13.483;   0;   0.0;   5.9; 1007.51;   11.7;   44.83;   18.8;    4.0;    0.4;eor
       2932;20200423;   10;   9.4;   3.5;    3;   0.0;   0;   13.217;   0;   0.3;   6.7; 1004.97;   12.9;   46.58;   19.8;    4.8;    2.1;eor
       2932;20200424;   10;  10.5;   3.9;    3;   0.0;   0;    8.183;   0;   4.5;   7.4;  993.75;   13.6;   49.54;   21.0;    5.4;    2.0;eor
       2932;20200425;   10;  12.3;   3.6;    3;   0.0;   0;    2.483;   0;   6.3;   7.5;  995.06;    9.7;   62.58;   14.5;    6.2;    1.1;eor
       2932;20200426;   10;   6.2;   2.4;    3;   0.0;   0;   11.533;   0;   2.6;   7.0;  995.09;   11.1;   56.67;   18.0;    2.9;   -1.0;eor
       2932;20200427;   10;   9.4;   2.7;    3;   0.0;   0;   13.083;   0;   1.8;   7.2;  992.03;   14.8;   45.96;   22.4;    5.0;   -0.5;eor
       2932;20200428;   10;  10.1;   2.9;    3;   0.0;   6;    6.050;   0;   5.8;   9.7;  988.38;   15.4;   57.50;   22.7;    7.9;    2.4;eor
       2932;20200429;   10;  12.7;   4.1;    3;   1.6;   6;    4.667;   0;   6.4;  11.7;  989.18;   13.7;   76.00;   18.6;    8.9;    6.1;eor
       2932;20200430;   10;  15.3;   5.6;    3;   1.0;   6;    2.267;   0;   7.0;  10.8;  988.31;   12.8;   74.29;   19.3;    8.6;    6.5;eor
       2932;20200501;   10;  16.3;   5.7;    3;   3.0;   6;    6.533;   0;   5.0;   9.3;  986.48;   11.1;   72.25;   17.1;    6.5;    4.4;eor
       2932;20200502;   10;  16.6;   5.1;    3;   2.4;   6;    2.100;   0;   6.8;   9.1;  990.84;    9.0;   80.13;   14.2;    6.4;    4.7;eor
       2932;20200503;   10;   9.1;   2.6;    3;   1.5;   6;    2.600;   0;   6.8;   9.4; 1000.62;   10.0;   76.75;   13.9;    6.4;    3.4;eor
       2932;20200504;   10;   8.2;   2.4;    3;   6.6;   6;    0.650;   0;   6.2;  10.0; 1000.95;    8.9;   87.17;   11.6;    2.1;    0.5;eor
       2932;20200505;   10;  13.5;   3.4;    3;   0.3;   6;    9.283;   0;   4.0;   7.0; 1003.42;    6.9;   71.79;   11.8;    1.5;   -0.5;eor
       2932;20200506;   10;   9.6;   3.5;    3;   0.0;   0;   12.867;   0;   2.7;   6.6; 1006.77;    9.7;   57.67;   16.2;    0.2;   -1.5;eor
       2932;20200507;   10;  10.6;   3.1;    3;   0.0;   0;   10.467;   0;   3.7;   8.0; 1006.63;   10.9;   62.38;   17.6;    2.3;    0.3;eor
       2932;20200508;   10;   6.7;   2.1;    3;   0.0;   0;   12.617;   0;   5.6;   8.4; 1001.79;   14.9;   53.54;   21.8;    7.0;    3.5;eor
       2932;20200509;   10;   6.7;   2.4;    3;   0.0;   0;   12.283;   0;   5.4;   8.2;  997.95;   15.6;   48.58;   22.2;    7.5;    3.4;eor
       2932;20200510;   10;   8.6;   2.5;    3;   0.0;   6;    6.133;   0;   5.9;  11.5;  989.75;   16.8;   60.46;   24.4;    8.6;    5.6;eor
       2932;20200511;   10;  13.7;   5.2;    3;  13.7;   6;    0.633;   0;   7.0;   8.1;  991.67;    6.3;   83.79;   15.5;   -0.5;   -2.3;eor
       2932;20200512;   10;   9.9;   3.5;    3;   0.0;   0;    8.783;   0;   3.3;   5.7; 1000.46;    5.5;   64.71;   10.9;   -1.3;   -3.4;eor
       2932;20200513;   10;   6.2;   1.9;    3;   0.0;   6;    9.517;   0;   5.8;   6.6;  996.36;    9.5;   57.71;   13.6;    2.7;   -1.8;eor
       2932;20200514;   10;   9.9;   3.4;    3;   0.0;   0;    8.917;   0;   4.1;   7.6; 1000.60;    9.1;   66.71;   14.1;    3.5;   -0.2;eor
       2932;20200515;   10;   9.3;   2.9;    3;   0.0;   0;   10.683;   0;   3.6;   6.4; 1002.96;    9.2;   57.33;   14.9;    2.3;   -0.2;eor
       2932;20200516;   10;  11.3;   3.2;    3;   0.0;   0;   11.783;   0;   3.8;   7.1; 1005.33;   11.0;   56.75;   17.6;    3.7;    0.5;eor
       2932;20200517;   10;   8.7;   2.6;    3;   0.0;   0;    9.133;   0;   5.1;   8.1; 1005.68;   12.7;   56.46;   18.2;    8.4;    3.6;eor
       2932;20200518;   10;  12.5;   3.9;    3;   0.0;   0;   13.417;   0;   4.5;   9.4; 1005.50;   15.7;   54.42;   23.0;    6.8;    2.9;eor
       2932;20200519;   10;   9.9;   3.1;    3;   0.0;   6;    7.133;   0;   5.4;  11.0; 1004.30;   15.8;   62.04;   21.6;   10.1;    5.9;eor
       2932;20200520;   10;   6.0;   2.3;    3;   0.0;   6;    3.533;   0;   6.5;  10.9; 1005.69;   15.3;   63.67;   19.3;    9.2;    4.8;eor
       2932;20200521;   10;   9.4;   2.0;    3;   0.0;   0;   13.750;   0;   3.5;   8.3; 1006.88;   14.9;   51.88;   21.7;    6.6;    3.0;eor
       2932;20200522;   10;  11.8;   3.5;    3;   5.8;   6;    2.533;   0;   7.0;  12.1; 1004.23;   16.5;   64.58;   22.8;    9.3;    5.0;eor
       2932;20200523;   10;  12.3;   4.9;    3;   2.2;   6;    1.067;   0;   7.3;  13.0; 1004.84;   14.8;   77.21;   17.7;   10.2;    8.3;eor
       2932;20200524;   10;  17.3;   7.2;    3;   2.9;   6;    7.800;   0;   5.5;  10.3; 1009.37;   12.7;   70.92;   18.0;    8.6;    7.1;eor
       2932;20200525;   10;  12.3;   4.4;    3;   0.0;   6;    0.717;   0;   7.0;  10.7; 1013.10;   11.8;   77.67;   14.9;    9.0;    8.0;eor
       2932;20200526;   10;   7.2;   2.5;    3;   0.0;   6;    6.600;   0;   5.0;  11.0; 1017.80;   13.9;   70.67;   19.3;    9.5;    6.1;eor
       2932;20200527;   10;   8.2;   2.1;    3;   3.8;   6;    9.467;   0;   4.9;  10.6; 1015.48;   16.3;   60.38;   22.8;    8.1;    4.0;eor
       2932;20200528;   10;  12.5;   4.1;    3;   0.0;   0;   12.500;   0;   3.9;   9.9; 1013.40;   14.1;   64.33;   19.3;    9.1;    6.0;eor
       2932;20200529;   10;   9.3;   2.5;    3;   0.0;   0;    8.233;   0;   4.6;   8.7; 1011.67;   13.8;   58.13;   19.8;    5.9;    3.7;eor
       2932;20200530;   10;  10.6;   3.6;    3;   0.0;   0;    7.633;   0;   4.9;   8.1; 1007.67;   12.8;   56.17;   17.5;    7.2;    4.6;eor
       2932;20200531;   10;  11.3;   3.2;    3;   0.0;   0;    8.300;   0;   4.5;   9.5; 1005.61;   14.1;   60.88;   22.0;    7.2;    4.8;eor
       2932;20200601;   10;   8.9;   2.8;    3;   0.0;   0;   15.317;   0;   0.5;   9.2; 1006.34;   16.4;   52.50;   24.2;    7.3;    4.8;eor
       2932;20200602;   10;   7.2;   2.1;    3;   0.0;   0;   15.167;   0;   1.0;  10.0; 1001.02;   18.6;   49.58;   26.3;    8.6;    5.7;eor
       2932;20200603;   10;  21.1;   2.3;    3;   4.2;   6;    9.817;   0;   5.6;  12.2;  989.49;   18.1;   62.29;   27.1;   11.5;    7.6;eor
       2932;20200604;   10;   9.8;   3.3;    3;   1.0;   6;    3.467;   0;   7.2;  14.4;  979.59;   15.9;   80.46;   21.1;   11.0;    8.2;eor
       2932;20200605;   10;  15.4;   5.9;    3;   1.5;   6;    3.367;   0;   7.0;  10.8;  980.16;   13.1;   72.83;   18.3;    9.2;    7.8;eor
       2932;20200606;   10;  12.9;   5.6;    3;   0.4;   6;    4.200;   0;   5.1;  10.0;  986.77;   12.2;   71.25;   18.4;    7.6;    4.9;eor
       2932;20200607;   10;   8.1;   3.3;    3;   0.0;   6;    1.317;   0;   6.8;  11.2;  991.97;   13.7;   72.46;   17.3;    9.7;    5.0;eor
       2932;20200608;   10;   5.8;   1.5;    3;   0.0;   0;    4.367;   0;   5.8;   9.6;  997.61;   15.0;   59.13;   20.5;    7.0;    1.9;eor
       2932;20200609;   10;   9.4;   2.6;    3;   0.2;   6;    1.817;   0;   7.6;  11.5;  999.46;   16.1;   63.92;   22.7;   11.5;   11.1;eor
       2932;20200610;   10;   7.7;   2.7;    3;   0.7;   6;    2.317;   0;   7.6;  12.1;  997.33;   16.4;   65.54;   20.1;   12.9;   12.4;eor
       2932;20200611;   10;   5.7;   2.5;    3;   0.0;   6;    0.950;   0;   7.6;  14.9;  994.67;   15.9;   82.79;   20.0;   12.5;   12.1;eor
       2932;20200612;   10;  10.3;   2.9;    3;   0.0;   0;    8.367;   0;   3.9;  17.2;  994.21;   19.9;   76.83;   28.5;   12.1;    9.6;eor
       2932;20200613;   10;  15.3;   3.4;    3;  11.5;   6;   11.267;   0;   4.0;  18.5;  993.65;   23.1;   68.92;   32.2;   16.2;   13.8;eor
       2932;20200614;   10;   6.7;   2.3;    3;  16.4;   6;    0.467;   0;   7.2;  20.6;  995.43;   19.2;   92.71;   22.2;   16.5;   15.1;eor
       2932;20200615;   10;   6.7;   2.1;    3;   0.0;   0;   12.167;   0;   5.4;  16.2;  997.71;   20.6;   70.00;   26.3;   16.0;   14.9;eor
       2932;20200616;   10;   7.5;   2.3;    3;   0.0;   0;    7.733;   0;   6.1;  16.2;  998.36;   19.7;   73.21;   25.5;   13.3;   12.1;eor
       2932;20200617;   10;   5.5;   1.7;    3;   0.0;   0;    6.000;   0;   6.8;  16.3;  995.00;   21.2;   67.71;   26.9;   15.1;   12.6;eor
       2932;20200618;   10;  10.5;   4.6;    3;   0.1;   6;    1.017;   0;   7.7;  17.5;  994.55;   18.2;   83.67;   21.2;   15.1;   14.7;eor
       2932;20200619;   10;   8.7;   3.0;    3;   0.0;   6;    0.100;   0;   7.3;  16.0;  997.80;   17.9;   79.00;   21.7;   14.2;   13.7;eor
       2932;20200620;   10;  13.4;   4.4;    3;   0.0;   6;    6.617;   0;   7.3;  14.0; 1001.88;   18.9;   65.29;   23.9;   15.3;   14.5;eor
       2932;20200621;   10;   9.9;   3.3;    3;   0.0;   0;    8.767;   0;   5.0;  12.5; 1003.25;   19.1;   58.71;   24.7;   15.0;   11.2;eor
       2932;20200622;   10;  10.6;   3.5;    3;   0.0;   0;   11.783;   0;   2.9;  13.2; 1005.93;   19.5;   59.33;   24.7;   13.1;    8.9;eor
       2932;20200623;   10;  11.5;   2.8;    3;   0.0;   0;   13.767;   0;   2.2;  10.9; 1008.68;   19.4;   51.63;   25.8;   12.1;    9.5;eor
       2932;20200624;   10;   8.9;   2.8;    3;   1.4;   6;   12.583;   0;   3.6;  13.0; 1008.09;   19.5;   58.42;   26.1;   11.3;    8.2;eor
       2932;20200625;   10;  11.5;   3.9;    3;   0.0;   0;    9.050;   0;   4.2;  15.0; 1004.37;   21.3;   61.54;   27.1;   15.6;   12.6;eor
       2932;20200626;   10;  12.2;   2.6;    3;   0.0;   0;   11.167;   0;   3.5;  14.7;  998.62;   22.4;   57.00;   29.7;   13.5;   11.5;eor
       2932;20200627;   10;  15.3;   4.9;    3;   0.0;   0;   12.750;   0;   3.4;  16.6;  994.82;   24.1;   56.67;   31.6;   16.5;   13.0;eor
       2932;20200628;   10;  13.4;   4.5;    3;   0.1;   6;    4.017;   0;   6.7;  16.7;  997.15;   22.1;   63.17;   28.6;   16.7;   15.0;eor
       2932;20200629;   10;  14.6;   4.2;    3;   0.1;   6;    8.617;   0;   5.1;  12.3;  995.92;   18.8;   58.58;   24.2;   13.4;    8.9;eor
       2932;20200630;   10;  18.7;   7.6;    3;   0.0;   0;   10.717;   0;   4.8;  10.7;  993.92;   19.0;   50.67;   24.7;   11.8;    8.7;eor
       2932;20200701;    3;  15.8;   6.0;    3;   4.5;   6;    6.133;   0;   6.7;  15.2;  991.97;   21.8;   60.33;   28.8;   16.3;   15.7;eor
       2932;20200702;    3;  18.0;   4.2;    3;   2.1;   6;    7.967;   0;   5.8;  15.8;  994.54;   19.9;   72.13;   27.1;   15.4;   14.7;eor
       2932;20200703;    3;  11.8;   4.3;    3;   0.0;   0;    9.433;   0;   5.1;  13.5; 1000.13;   18.7;   64.83;   24.6;   14.5;   11.0;eor
       2932;20200704;    3;  15.3;   5.8;    3;   0.0;   6;    8.817;   0;   5.0;  12.4;  999.71;   21.2;   51.13;   26.8;   14.0;   11.4;eor
       2932;20200705;    3;  16.8;   8.0;    3;   0.0;   6;    4.033;   0;   6.0;  16.2;  995.55;   23.4;   56.33;   28.6;   20.2;   18.2;eor
       2932;20200706;    3;  16.5;   7.1;    3;   0.0;   6;    8.367;   0;   3.6;  10.6;  997.08;   17.7;   52.96;   22.7;   10.5;    9.3;eor
       2932;20200707;    3;  14.4;   4.6;    3;   2.7;   6;    7.067;   0;   6.2;  10.0; 1002.58;   15.9;   58.42;   22.5;   10.0;    9.0;eor
       2932;20200708;    3;   8.2;   3.3;    3;   1.1;   6;    0.117;   0;   7.8;  13.6; 1000.31;   14.4;   82.92;   17.1;   12.2;   11.6;eor
       2932;20200709;    3;  12.3;   3.4;    3;   0.7;   6;    0.417;   0;   7.3;  16.5;  997.97;   17.9;   80.58;   24.9;   13.0;   10.8;eor
       2932;20200710;    3;  16.5;   5.5;    3;   0.0;   6;    2.300;   0;   6.7;  15.3;  995.32;   19.8;   67.67;   29.4;   12.1;    9.9;eor
       2932;20200711;    3;   8.7;   2.5;    3;   0.0;   0;    6.683;   0;   4.6;  10.4; 1006.54;   15.5;   61.54;   21.7;    9.6;    6.6;eor
       2932;20200712;    3;   7.7;   2.3;    3;   0.0;   0;   10.567;   0;   3.6;   9.7; 1010.50;   16.1;   56.00;   22.5;    9.5;    6.0;eor
       2932;20200713;    3;   6.3;   1.9;    3;   0.0;   0;   15.267;   0;   2.0;   9.3; 1006.81;   18.6;   46.79;   26.0;    9.2;    4.9;eor
       2932;20200714;    3;   9.8;   3.3;    3;   0.0;   6;    8.750;   0;   4.5;  10.4;  998.31;   21.1;   44.50;   28.1;   12.6;    8.4;eor
       2932;20200715;    3;   7.5;   2.1;    3;   7.8;   6;    0.567;   0;   7.7;  15.0;  997.06;   15.3;   86.38;   18.0;   12.2;   10.8;eor
       2932;20200716;    3;   8.9;   2.8;    3;   0.0;   0;    3.267;   0;   6.9;  13.5;  999.95;   16.1;   75.63;   21.0;   11.8;   10.9;eor
       2932;20200717;    3;   8.7;   2.5;    3;   0.0;   6;    4.283;   0;   6.7;  12.5; 1003.29;   17.5;   63.54;   22.4;   13.0;   11.8;eor
       2932;20200718;    3;   8.7;   2.0;    3;   0.0;   0;   11.400;   0;   3.0;  13.0; 1003.20;   20.6;   56.50;   27.4;   13.6;   11.4;eor
       2932;20200719;    3;   9.9;   1.9;    3;   0.0;   0;   11.800;   0;   5.1;  13.4;  999.83;   23.3;   50.17;   30.7;   14.0;   10.7;eor
       2932;20200720;    3;  11.3;   3.2;    3;   1.7;   6;    7.433;   0;   5.7;  15.2; 1000.58;   20.1;   64.50;   25.3;   15.4;   11.4;eor
       2932;20200721;    3;   9.4;   2.9;    3;   0.0;   0;   10.067;   0;   3.8;  10.0; 1005.50;   17.8;   51.13;   23.8;   11.7;    8.6;eor
       2932;20200722;    3;   7.2;   2.0;    3;   0.0;   0;   10.700;   0;   3.7;  10.0; 1005.53;   17.3;   52.92;   23.9;    9.6;    5.5;eor
       2932;20200723;    3;   6.2;   2.1;    3;   0.0;   0;    6.933;   0;   4.7;  10.9; 1000.79;   18.6;   52.13;   23.9;   14.2;   11.3;eor
       2932;20200724;    3;  14.9;   4.2;    3;   0.0;   0;    8.017;   0;   5.0;  12.0;  995.11;   21.3;   50.25;   29.4;   13.4;    9.8;eor
       2932;20200725;    3;   9.8;   2.9;    3;   0.5;   6;    6.900;   0;   6.3;  13.7;  996.35;   21.6;   55.71;   28.7;   14.1;   10.5;eor
       2932;20200726;    3;  19.2;   4.1;    3;   4.6;   6;    4.467;   0;   6.0;  16.1;  995.79;   19.5;   72.67;   26.0;   14.4;   12.3;eor
       2932;20200727;    3;   8.2;   2.9;    3;   0.0;   6;    8.917;   0;   5.0;  14.4;  999.42;   21.2;   61.17;   26.9;   13.4;   10.1;eor
       2932;20200728;    3;  15.6;   5.6;    3;   0.0;   0;    9.133;   0;   6.7;  14.2;  994.40;   24.0;   48.25;   28.8;   17.8;   14.8;eor
       2932;20200729;    3;  13.2;   4.3;    3;   0.0;   0;   11.933;   0;   3.8;  10.5; 1002.20;   19.3;   49.17;   25.2;   13.3;    8.8;eor
       2932;20200730;    3;   8.6;   2.2;    3;   0.0;   0;   13.000;   0;   3.8;  10.1; 1004.38;   19.2;   48.33;   27.4;   11.5;    8.9;eor
       2932;20200731;    3;   6.5;   2.0;    3;   0.0;   0;   14.100;   0;   1.8;  11.6; 1002.79;   21.2;   47.29;   28.0;   12.1;    9.5;eor
       2932;20200801;    3;   7.0;   2.7;    3;   0.0;   6;   11.833;   0;   3.7;  13.1;  998.77;   24.8;   44.63;   32.7;   14.7;   12.2;eor
       2932;20200802;    3;  11.5;   2.2;    3;   8.7;   6;    0.000;   0;   7.3;  18.8;  996.87;   19.4;   83.25;   22.5;   15.4;   14.4;eor
       2932;20200803;    3;   9.1;   3.2;    3;   0.0;   0;-999;   0;   6.2;  13.3;  996.18;   17.7;   67.54;   22.4;   14.3;   12.6;eor
       2932;20200804;    3;   9.6;   2.9;    3;   0.0;   0;-999;   0;   4.4;  11.7;  998.73;   17.2;   61.29;   23.1;   12.0;    8.5;eor
       2932;20200805;    3;   7.7;   2.8;    3;   0.0;   0;-999;   0;   4.1;  10.9; 1002.63;   20.4;   49.67;   27.7;   11.7;    7.6;eor
       2932;20200806;    3;   7.2;   2.9;    3;   0.0;   0;-999;   0;   0.7;  11.6; 1004.89;   23.1;   44.13;   30.4;   14.1;   11.1;eor
       2932;20200807;    3;   6.7;   2.5;    3;   0.0;   0;-999;   0;   0.6;  16.2; 1005.06;   25.4;   52.67;   32.6;   16.1;   14.5;eor
       2932;20200808;    3;   6.2;   2.4;    3;   0.0;   0;-999;   0;   1.8;  16.0; 1003.46;   28.3;   44.29;   35.6;   20.5;   17.8;eor
       2932;20200809;    3;   9.8;   2.1;    3;   0.0;   0;-999;   0;   5.3;  16.4; 1001.30;   27.2;   48.29;   34.9;   19.7;   16.8;eor
       2932;20200810;    3;   9.8;   3.9;    3;   0.0;   0;-999;   0;   6.6;  18.2; 1001.35;   24.7;   59.17;   29.2;   20.9;   20.2;eor
       2932;20200811;    3;  10.8;   4.0;    3;   0.0;   0;-999;   0;   2.4;  17.8; 1002.24;   25.9;   56.54;   32.5;   19.6;   17.4;eor
       2932;20200812;    3;  11.5;   4.4;    3;   0.1;   6;   12.200;   0;   2.5;  15.3; 1001.38;   25.9;   48.58;   32.7;   17.6;   15.4;eor
       2932;20200813;    3;   9.1;   3.6;    3;   7.9;   6;    2.600;   0;   7.0;  17.8;  997.97;   24.3;   60.08;   31.4;   19.4;   18.0;eor
       2932;20200814;    3;   9.3;   2.8;    3;   2.9;   6;    2.867;   0;   7.6;  20.7;  997.15;   22.0;   78.75;   27.2;   19.0;   18.5;eor
       2932;20200815;    3;   4.6;   1.6;    3;   0.2;   6;    0.083;   0;   7.1;  20.4;  998.61;   21.5;   80.04;   25.6;   18.8;   17.3;eor
       2932;20200816;    3;   8.9;   3.4;    3;   0.0;   0;   12.617;   0;   2.7;  16.2;  997.08;   24.0;   58.08;   30.7;   17.6;   15.8;eor
       2932;20200817;    3;  11.3;   4.0;    3;   1.4;   6;    5.133;   0;   5.8;  17.4;  994.11;   21.6;   68.17;   27.6;   17.0;   15.6;eor
       2932;20200818;    3;   9.1;   2.4;    3;   0.4;   6;    7.183;   0;   6.7;  17.5;  994.38;   20.2;   75.21;   25.8;   16.2;   13.9;eor
       2932;20200819;    3;   8.2;   2.2;    3;   0.0;   0;   12.267;   0;   2.5;  14.7;  995.03;   20.9;   62.92;   27.3;   14.2;   11.4;eor
       2932;20200820;    3;  10.3;   3.7;    3;   0.0;   0;    7.700;   0;   5.9;  16.5;  994.80;   24.4;   56.04;   31.7;   17.0;   15.4;eor
       2932;20200821;    3;  15.1;   4.6;    3;   9.3;   6;   11.333;   0;   3.9;  17.8;  995.19;   28.2;   49.71;   36.8;   20.1;   17.9;eor
       2932;20200822;    3;  11.7;   5.5;    3;   1.3;   6;    4.483;   0;   5.8;  19.2;  998.54;   22.8;   70.21;   27.0;   18.0;   15.8;eor
       2932;20200823;    3;  14.7;   5.2;    3;   0.1;   6;    5.517;   0;   5.8;  13.8;  999.21;   19.3;   62.79;   24.5;   14.8;   12.7;eor
       2932;20200824;    3;  14.6;   4.7;    3;   0.0;   6;    5.017;   0;   6.3;  13.1;  999.09;   18.2;   64.21;   23.9;   13.5;   11.4;eor
       2932;20200825;    3;  10.5;   3.9;    3;   0.0;   6;    6.933;   0;   5.5;  12.4;  996.24;   18.9;   58.17;   24.1;   11.9;    9.7;eor
       2932;20200826;    3;  23.5;  11.6;    3;   0.0;   6;    1.350;   0;   6.0;  12.5;  990.79;   20.0;   53.67;   22.8;   16.8;   16.1;eor
       2932;20200827;    3;  16.3;   5.9;    3;   4.1;   6;    3.550;   0;   6.4;  11.8;  998.32;   16.9;   61.54;   20.8;   11.8;    9.9;eor
       2932;20200828;    3;  12.3;   4.9;    3;   0.6;   6;    2.167;   0;   7.2;  14.0;  988.60;   18.2;   67.67;   24.1;   12.7;   11.8;eor
       2932;20200829;    3;   9.8;   4.1;    3;   0.0;   6;    3.800;   0;   6.8;  13.2;  989.41;   18.7;   62.04;   23.7;   15.4;   13.9;eor
       2932;20200830;    3;   8.7;   2.2;    3;  21.6;   6;    2.550;   0;   7.3;  14.9;  991.94;   16.7;   79.67;   21.2;   13.2;   10.5;eor
       2932;20200831;    3;   9.1;   3.4;    3;   9.5;   6;    4.983;   0;   6.8;  15.5;  999.67;   16.0;   85.83;   20.5;   14.0;   13.3;eor
       2932;20200901;    3;   8.4;   2.6;    3;   0.0;   0;    4.817;   0;   6.6;  12.4; 1001.37;   14.9;   74.08;   19.2;   10.7;    7.6;eor
       2932;20200902;    3;   9.1;   2.3;    3;   1.6;   6;    4.983;   0;   6.8;  12.1; 1001.66;   14.1;   76.46;   19.9;    9.4;    7.6;eor
       2932;20200903;    3;  12.3;   4.7;    3;   5.9;   6;    8.617;   0;   4.9;  12.4; 1003.72;   16.3;   69.50;   22.9;    9.0;    6.7;eor
       2932;20200904;    3;  11.7;   4.1;    3;   0.0;   6;    2.217;   0;   7.2;  17.7; 1004.14;   19.4;   78.96;   23.5;   15.0;   14.7;eor
       2932;20200905;    3;   7.9;   2.3;    3;   0.3;   6;    0.483;   0;   6.9;  14.8; 1000.92;   15.8;   82.04;   19.4;   10.8;    8.3;eor
       2932;20200906;    3;  10.3;   2.7;    3;   0.0;   0;    7.967;   0;   5.8;  11.1; 1003.15;   14.3;   70.17;   19.6;    9.5;    6.7;eor
       2932;20200907;    3;   9.4;   2.3;    3;   0.0;   0;    8.500;   0;   4.4;  11.4; 1007.34;   15.0;   68.17;   21.0;    9.4;    6.7;eor
       2932;20200908;    3;  13.5;   4.3;    3;   0.0;   0;    8.517;   0;   4.3;  12.1; 1008.95;   17.7;   62.38;   24.6;   10.5;    7.5;eor
       2932;20200909;    3;  13.5;   4.1;    3;   0.9;   6;   11.550;   0;   2.7;  14.4; 1004.53;   20.3;   63.08;   26.9;   12.6;   10.3;eor
       2932;20200910;    3;  11.5;   2.7;    3;   0.0;   0;   10.900;   0;   3.4;  11.8; 1004.99;   15.7;   67.71;   20.6;   10.3;    7.9;eor
       2932;20200911;    3;   8.1;   2.2;    3;   0.0;   0;   11.300;   0;   1.7;  11.8; 1001.77;   16.3;   65.50;   23.8;    7.9;    5.1;eor
       2932;20200912;    3;  10.8;   3.7;    3;   0.0;   0;   11.650;   0;   3.6;  12.8; 1003.11;   18.6;   62.25;   26.4;   11.3;    6.8;eor
       2932;20200913;    3;   7.7;   2.3;    3;   0.0;   0;   10.233;   0;   4.8;  13.0; 1009.80;   18.5;   63.25;   26.0;   11.9;    8.0;eor
       2932;20200914;    3;   7.2;   2.5;    3;   0.0;   0;   11.300;   0;   4.0;  15.6; 1010.17;   21.7;   62.63;   29.9;   13.5;    9.4;eor
       2932;20200915;    3;   6.2;   2.6;    3;   0.0;   0;   11.850;   0;   3.3;  15.8; 1004.68;   22.8;   59.04;   30.1;   15.1;   11.8;eor
       2932;20200916;    3;   9.9;   2.8;    3;   0.0;   0;    8.350;   0;   3.9;  15.2; 1002.05;   22.2;   59.38;   29.1;   14.9;   11.5;eor
       2932;20200917;    3;   9.3;   3.9;    3;   0.0;   0;    9.317;   0;   3.4;  10.4; 1010.82;   15.1;   61.00;   18.9;    8.7;    6.6;eor
       2932;20200918;    3;   9.4;   4.0;    3;   0.0;   0;   11.900;   0;   2.8;   7.6; 1011.65;   13.3;   53.38;   20.9;    6.2;    4.8;eor
       2932;20200919;    3;   9.3;   3.7;    3;   0.0;   0;   11.567;   0;   3.4;   7.4; 1005.54;   14.6;   48.17;   23.5;    6.1;    1.7;eor
       2932;20200920;    3;   8.7;   3.2;    3;   0.0;   0;   11.817;   0;   3.4;   8.9; 1002.13;   15.7;   53.33;   24.2;    7.1;    4.0;eor
       2932;20200921;    3;   7.2;   2.3;    3;   0.0;   0;   11.367;   0;   0.3;  11.0; 1000.43;   16.9;   59.42;   25.6;    7.5;    5.1;eor
       2932;20200922;    3;   9.8;   2.8;    3;   0.0;   0;   10.500;   0;   1.5;  13.5;  994.65;   19.2;   63.42;   27.4;   10.6;    7.4;eor
       2932;20200923;    3;   8.6;   3.6;    3;   0.0;   0;    4.633;   0;   4.3;  13.6;  989.84;   19.6;   61.13;   25.7;   14.6;   12.1;eor
       2932;20200924;    3;  14.7;   5.5;    3;  14.2;   6;    5.617;   0;   6.6;  12.1;  988.39;   17.9;   59.58;   22.0;   14.4;   12.0;eor
       2932;20200925;    3;  12.5;   5.1;    3;   5.0;   6;    2.650;   0;   7.3;  11.7;  982.37;   13.6;   75.50;   16.7;   10.9;   10.3;eor
       2932;20200926;    3;  10.5;   4.1;    3;  26.0;   6;    0.000;   0;   7.8;  10.5;  980.72;    8.9;   91.54;   11.0;    5.6;    4.3;eor
       2932;20200927;    3;   8.2;   3.4;    3;   0.0;   0;    1.817;   0;   5.7;   9.6;  988.26;    9.6;   80.67;   13.6;    4.6;    3.4;eor
       2932;20200928;    3;   5.7;   2.4;    3;   0.0;   0;   11.333;   0;   4.6;  10.2;  995.26;   12.5;   71.75;   18.2;    7.2;    5.7;eor
       2932;20200929;    3;   5.7;   1.6;    3;   0.0;   0;    5.783;   0;   4.5;  11.1; 1000.13;   13.4;   73.67;   18.9;    9.9;    6.4;eor
       2932;20200930;    3;   6.2;   1.8;    3;   0.0;   0;    9.033;   0;   3.1;  12.1;  999.74;   12.8;   82.63;   18.8;    7.9;    5.1;eor
       2932;20201001;    3;  10.3;   2.6;    3;   0.0;   0;    9.650;   0;   3.2;  11.9;  990.33;   13.1;   81.00;   19.4;    7.1;    4.8;eor
       2932;20201002;    3;  12.0;   4.4;    3;   0.0;   0;    6.117;   0;   6.4;  13.6;  983.16;   14.4;   83.50;   19.8;    9.1;    7.1;eor
       2932;20201003;    3;  17.1;   5.3;    3;   0.0;   0;    5.067;   0;   6.4;  14.1;  976.98;   15.7;   79.46;   21.9;    9.5;    5.8;eor
       2932;20201004;    3;  16.1;   5.1;    3;   0.0;   6;    8.883;   0;   3.3;   9.7;  983.21;   12.2;   70.17;   17.6;    7.6;    4.1;eor
       2932;20201005;    3;  11.5;   4.0;    3;   0.0;   6;    1.467;   0;   6.8;   9.9;  987.86;   12.0;   70.88;   17.3;    6.7;    3.9;eor
       2932;20201006;    3;  14.7;   6.5;    3;   0.1;   6;    1.100;   0;   6.6;  11.0;  987.47;   13.1;   73.00;   16.8;   10.6;    9.1;eor
       2932;20201007;    3;  15.3;   6.5;    3;   0.6;   6;    2.600;   0;   6.7;  11.6;  993.47;   12.8;   79.00;   16.7;   10.7;    9.4;eor
       2932;20201008;    3;  15.3;   7.2;    3;   2.7;   6;    3.150;   0;   6.3;  11.6; 1000.45;   13.1;   77.25;   15.7;    8.8;    7.4;eor
       2932;20201009;    3;  13.5;   3.2;    3;   2.7;   6;    0.000;   0;   7.9;  13.6; 1001.21;   13.0;   91.08;   15.7;    9.6;    8.3;eor
       2932;20201010;    3;  10.1;   4.1;    3;   0.0;   6;    1.650;   0;   5.9;  10.0; 1002.07;    9.6;   82.54;   12.1;    4.6;    1.8;eor
       2932;20201011;    3;  10.3;   4.3;    3;   0.9;   6;    7.100;   0;   5.0;   8.1; 1002.24;    8.4;   73.58;   12.4;    4.3;    1.9;eor
       2932;20201012;    3;   7.9;   2.6;    3;   0.0;   6;    3.783;   0;   6.3;   9.3; 1001.39;    8.9;   81.67;   12.4;    6.9;    4.0;eor
       2932;20201013;    3;   7.4;   2.1;    3;   2.0;   6;    4.800;   0;   7.0;   9.4;  998.46;    9.1;   82.21;   12.3;    6.9;    5.3;eor
       2932;20201014;    3;  14.7;   6.0;    3;  24.7;   6;    0.000;   0;   8.0;  10.5;  993.89;    8.4;   94.75;    8.9;    7.9;    7.4;eor
       2932;20201015;    3;  10.1;   4.9;    3;   3.5;   6;    0.000;   0;   8.0;  11.3;  999.10;    9.0;   97.79;    9.9;    8.4;    8.3;eor
       2932;20201016;    3;   9.6;   4.4;    3;   1.3;   6;    1.067;   0;   7.7;  10.3; 1002.83;    8.8;   90.83;   11.6;    7.4;    7.1;eor
       2932;20201017;    3;   5.5;   2.3;    3;   0.0;   6;    0.000;   0;   7.4;   9.8; 1002.50;    7.8;   92.92;    9.9;    5.8;    3.6;eor
       2932;20201018;    3;  12.7;   5.7;    3;   0.1;   6;    0.250;   0;   7.3;   9.3; 1003.46;    8.6;   83.58;   11.0;    5.5;    2.9;eor
       2932;20201019;    3;   6.5;   3.6;    3;   0.0;   6;    1.150;   0;   5.9;   9.4; 1006.05;    8.5;   83.96;   11.9;    4.7;    2.1;eor
       2932;20201020;    3;  10.8;   5.0;    3;   0.7;   6;    2.400;   0;   6.9;   9.0;  999.42;    9.1;   77.96;   13.7;    3.6;    2.1;eor
       2932;20201021;    3;  13.0;   5.8;    3;   0.1;   6;    0.150;   0;   6.6;  10.7;  993.69;   13.3;   70.21;   16.9;   10.2;    8.9;eor
       2932;20201022;    3;   9.8;   5.0;    3;   0.0;   0;    7.850;   0;   5.8;  12.7;  997.14;   16.3;   68.63;   20.3;   13.2;    9.3;eor
       2932;20201023;    3;   9.8;   3.5;    3;   0.0;   6;    0.100;   0;   7.1;  14.2;  995.88;   14.7;   84.83;   17.6;   11.0;    9.5;eor
       2932;20201024;    3;  12.9;   5.3;    3;   0.0;   0;    7.033;   0;   3.0;  11.9;  997.72;   12.8;   81.67;   17.7;    8.5;    5.7;eor
       2932;20201025;    3;   9.4;   4.7;    3;   0.7;   6;    5.767;   0;   5.5;  11.1;  992.25;   12.4;   77.83;   17.8;    8.5;    6.8;eor
       2932;20201026;    3;   8.6;   3.3;    3;   0.4;   6;    0.000;   0;   7.3;  11.1;  988.27;   10.6;   86.38;   12.5;    8.1;    5.7;eor
       2932;20201027;    3;  14.9;   5.5;    3;   0.0;   6;    5.917;   0;   5.6;   9.0;  993.02;    9.4;   76.42;   12.8;    6.6;    4.6;eor
       2932;20201028;    3;  13.7;   6.5;    3;   0.5;   6;    0.450;   0;   6.6;   9.9;  994.19;   10.5;   77.21;   13.7;    8.1;    6.8;eor
       2932;20201029;    3;  14.6;   6.8;    3;   5.4;   6;    3.767;   0;   6.7;   9.2;  998.05;   10.0;   75.38;   12.2;    6.8;    4.0;eor
       2932;20201030;    3;  12.3;   6.2;    3;   4.1;   6;    0.000;   0;   8.0;  12.8; 1001.78;   11.8;   92.08;   13.7;    8.4;    7.6;eor
       2932;20201031;    3;   9.8;   4.6;    3;   0.2;   6;    0.000;   0;   7.2;  13.3; 1004.95;   13.0;   88.50;   14.8;   10.2;    8.7;eor
       2932;20201101;    3;   9.6;   4.9;    3;   3.3;   6;    0.000;   0;   7.6;  13.1;  998.65;   12.8;   88.25;   15.3;   10.1;    8.6;eor
       2932;20201102;    3;  13.4;   6.6;    3;   0.0;   6;    2.450;   0;   6.1;  15.7;  995.65;   17.4;   79.08;   21.1;   14.3;   13.2;eor
       2932;20201103;    3;   9.8;   3.5;    3;   0.0;   0;    2.317;   0;   6.7;  10.5; 1005.66;   11.8;   75.92;   14.7;    9.8;    8.6;eor
       2932;20201104;    3;   7.9;   3.2;    3;   0.0;   0;    5.000;   0;   4.5;   8.2; 1014.46;    7.4;   79.92;   10.5;    3.2;   -0.6;eor
       2932;20201105;    3;   7.5;   3.4;    3;   0.0;   0;    8.800;   0;   1.6;   7.6; 1020.89;    4.8;   87.92;   10.1;    1.2;   -1.5;eor
       2932;20201106;    3;   5.1;   2.6;    3;   0.0;   0;    4.117;   0;   5.2;   8.6; 1018.05;    5.8;   93.00;   10.0;    3.0;   -0.6;eor
       2932;20201107;    1;   6.7;   2.9;    1;   0.0;   0;    8.667;   0;   1.8;   7.1; 1011.20;    5.4;   81.75;   13.3;   -0.6;   -1.6;eor
       2932;20201108;    1;   6.2;   2.8;    1;   0.0;   0;    7.700;   0;   2.3;   7.5; 1008.31;    5.9;   80.67;   13.4;    1.9;   -0.8;eor
       2932;20201109;    1;   7.0;   3.1;    1;   0.0;   0;    4.933;   0;   5.5;   7.2; 1010.01;    3.3;   93.21;    6.7;    0.5;   -0.8;eor
       2932;20201110;    1;   5.8;   1.7;    1;   0.0;   6;    0.000;   0;   7.7;   6.7; 1011.91;    1.5;   98.21;    3.8;   -0.8;   -1.3;eor
       2932;20201111;    1;   3.9;   1.6;    1;   0.0;   6;    0.000;   0;   7.9;   8.7; 1009.52;    4.9;   99.25;    7.7;   -0.1;    0.3;eor
       2932;20201112;    1;   9.1;   4.3;    1;   0.0;   0;    4.833;   0;   5.9;   9.0; 1004.50;    8.1;   83.71;   10.9;    5.1;    1.4;eor
       2932;20201113;    1;   7.7;   3.6;    1;   0.3;   6;    6.667;   0;   4.7;   9.2; 1003.50;    7.9;   86.25;   12.1;    3.2;    0.1;eor
       2932;20201114;    1;   8.6;   3.8;    1;   0.0;   0;    5.550;   0;   6.2;  11.4; 1002.32;   11.7;   83.46;   15.9;    9.3;    6.1;eor
       2932;20201115;    1;  12.9;   6.5;    1;   0.5;   6;    4.883;   0;   5.2;   9.3;  996.71;   10.6;   72.58;   15.5;    8.1;    5.9;eor
       2932;20201116;    1;  14.4;   6.1;    1;   0.2;   6;    3.367;   0;   6.3;   9.8;  998.06;   10.3;   78.50;   12.9;    8.1;    6.8;eor
       2932;20201117;    1;  13.4;   6.3;    1;   0.7;   6;    0.000;   0;   7.4;  10.3; 1008.25;    9.9;   84.00;   11.4;    6.7;    4.8;eor
       2932;20201118;    1;   9.8;   4.6;    1;   0.0;   0;    2.633;   0;   5.4;   9.9; 1007.93;   10.6;   77.04;   12.8;    8.2;    6.1;eor
       2932;20201119;    1;  14.6;   6.6;    1;   0.7;   6;    1.033;   0;   5.9;   8.5; 1002.55;    8.4;   76.42;   10.7;    3.0;    0.7;eor
       2932;20201120;    1;   9.3;   4.1;    1;   0.0;   6;    2.017;   0;   3.1;   6.3; 1015.24;    2.3;   88.00;    6.0;   -0.5;   -4.2;eor
       2932;20201121;    1;  12.7;   5.7;    1;   0.0;   0;    4.483;   0;   4.9;   5.6; 1015.19;    2.8;   76.17;    6.5;   -1.1;   -5.3;eor
       2932;20201122;    1;  11.8;   6.4;    1;   0.2;   6;    0.600;   0;   7.7;   7.9; 1008.55;    6.9;   78.46;    9.1;    4.7;    4.0;eor
       2932;20201123;    1;  10.6;   4.8;    1;   0.0;   0;    7.133;   0;   4.0;   7.6; 1010.54;    5.3;   85.25;    9.4;    0.9;   -3.2;eor
       2932;20201124;    1;   8.4;   4.4;    1;   0.0;   0;    7.400;   0;   2.4;   6.3; 1009.39;    2.2;   88.46;    7.1;   -0.6;   -3.0;eor
       2932;20201125;    1;   8.7;   4.5;    1;   0.0;   0;    6.667;   0;   3.5;   6.4; 1003.72;    2.8;   86.58;    7.4;   -0.5;   -2.0;eor
       2932;20201126;    1;   9.3;   5.0;    1;   0.0;   6;    0.167;   0;   5.8;   7.0; 1004.92;    3.8;   86.33;    6.1;    0.2;   -0.8;eor
       2932;20201127;    1;   7.2;   2.5;    1;   0.0;   0;    4.367;   0;   4.3;   6.6; 1005.30;    2.6;   90.50;    6.5;    0.3;   -2.4;eor
       2932;20201128;    1;   8.4;   2.7;    1;   0.0;   0;    0.000;   0;   8.0;   6.4; 1007.78;    2.8;   85.38;    3.5;    2.2;    1.5;eor
       2932;20201129;    1;   5.5;   1.9;    1;   0.0;   6;    0.000;   0;   7.3;   6.4; 1009.89;    1.8;   91.50;    3.3;   -1.2;   -4.5;eor
       2932;20201130;    1;   9.1;   3.6;    1;   0.0;   7;    3.117;   0;   6.7;   5.4; 1006.97;    2.2;   76.17;    4.4;    0.9;   -1.3;eor
       2932;20201201;    1;  10.3;   4.0;    1;   0.0;   8;    0.000;   0;   8.0;   6.1; 1000.32;    1.9;   86.63;    2.7;    0.9;    0.3;eor
       2932;20201202;    1;   5.7;   2.7;    1;   0.0;   0;    6.983;   0;   2.0;   4.6; 1001.57;   -1.7;   85.54;    2.0;   -5.2;   -8.5;eor
       2932;20201203;    1;  10.5;   5.2;    1;   0.0;   6;    0.000;   0;   6.2;   4.4;  989.22;   -0.2;   73.96;    1.3;   -1.6;   -2.9;eor
       2932;20201204;    1;   9.6;   4.1;    1;   0.0;   6;    1.550;   0;   6.6;   5.0;  977.89;    0.3;   80.00;    4.1;   -3.6;   -5.3;eor
       2932;20201205;    1;  12.7;   3.0;    1;   0.0;   6;    2.300;   0;   7.5;   6.0;  983.20;    2.4;   82.67;    6.2;   -2.3;   -4.0;eor
       2932;20201206;    1;   8.7;   2.2;    1;   0.0;   6;    0.917;   0;   7.4;   6.8;  983.40;    2.4;   93.58;    7.4;   -0.3;   -2.3;eor
       2932;20201207;    1;  12.5;   4.7;    1;   0.0;   0;    1.117;   0;   7.0;   7.3;  984.63;    5.8;   78.33;    9.4;    0.7;   -1.0;eor
       2932;20201208;    1;   6.7;   2.7;    1;   0.7;   6;    6.867;   0;   5.4;   6.6;  989.22;    3.3;   84.75;    7.3;    0.4;   -2.5;eor
       2932;20201209;    1;   6.5;   2.3;    1;   1.6;   6;    0.000;   0;   8.0;   7.6;  992.57;    3.5;   97.04;    4.7;    2.3;    2.2;eor
       2932;20201210;    1;   7.0;   3.2;    1;   0.1;   6;    0.000;   0;   8.0;   6.3;  991.72;    0.9;   96.17;    2.4;    0.3;    0.3;eor
       2932;20201211;    1;   6.7;   3.4;    1;   0.0;   6;    0.000;   0;   7.8;   6.6;  985.58;    1.7;   94.71;    4.3;    0.0;   -1.1;eor
       2932;20201212;    1;   5.1;   2.7;    1;   0.0;   6;    0.000;   0;   7.9;   7.0;  984.24;    3.3;   89.96;    4.9;    1.5;    0.8;eor
       2932;20201213;    1;   5.1;   2.9;    1;   0.0;   6;    0.000;   0;   7.5;   8.1;  994.24;    5.3;   90.75;    7.0;    3.8;    1.6;eor
       2932;20201214;    1;  11.1;   5.2;    1;   0.0;   0;    3.267;   0;   6.4;   7.5;  997.19;    5.3;   84.21;    8.6;    2.5;    0.2;eor
       2932;20201215;    1;  10.6;   5.3;    1;   0.4;   6;    0.000;   0;   6.8;   7.4;  996.80;    6.4;   77.04;    8.3;    4.2;    2.8;eor
       2932;20201216;    1;   5.8;   2.9;    1;   0.0;   0;    4.483;   0;   6.1;   9.1; 1003.25;    7.5;   88.25;   10.8;    4.5;    2.6;eor
       2932;20201217;    1;  11.5;   4.9;    1;   0.8;   6;    2.583;   0;   5.3;   7.9; 1004.88;    5.8;   85.88;    9.2;    3.4;    0.8;eor
       2932;20201218;    1;   9.6;   4.0;    1;   0.0;   0;    5.333;   0;   2.8;   7.5; 1008.08;    4.5;   88.33;    9.9;    1.5;   -1.5;eor
       2932;20201219;    1;  10.5;   5.0;    1;   0.0;   0;    7.233;   0;   1.5;   6.9; 1004.12;    4.2;   84.13;    8.4;    1.6;    0.1;eor
       2932;20201220;    1;  10.3;   4.6;    1;   1.5;   6;    0.750;   0;   7.0;   6.7; 1004.65;    4.6;   78.38;    7.6;    2.3;    0.3;eor
       2932;20201221;    1;  14.1;   5.0;    1;   2.6;   6;    6.467;   0;   6.0;   7.6; 1004.64;    4.8;   88.29;    7.4;    1.3;   -0.5;eor
       2932;20201222;    1;  15.9;   6.5;    1;   0.9;   6;    1.567;   0;   7.4;  10.9;  995.93;   10.6;   85.42;   14.8;    6.7;    6.0;eor
       2932;20201223;    1;  10.1;   3.0;    1;   4.7;   6;    0.000;   0;   8.0;  11.6;  995.24;    9.5;   97.63;   11.4;    7.3;    6.3;eor
       2932;20201224;    1;  17.1;   6.1;    1;   1.1;   6;    1.283;   0;   6.3;   8.0;  991.19;    6.1;   84.54;   11.1;    3.0;    2.1;eor
       2932;20201225;    1;   8.9;   3.7;    1;   0.0;   0;    0.000;   0;   7.2;   6.0; 1002.20;    2.0;   84.79;    3.6;   -2.5;   -4.2;eor
       2932;20201226;    1;  13.7;   5.5;    1;   0.0;   0;    0.567;   0;   5.3;   5.2; 1004.25;    0.0;   84.33;    2.3;   -4.0;   -6.7;eor
       2932;20201227;    1;  19.7;   8.6;    1;   0.0;   6;    0.233;   0;   7.6;   4.2;  982.22;    1.3;   63.21;    3.1;   -0.2;   -0.9;eor
       2932;20201228;    1;   9.9;   4.3;    1;   0.0;   8;    1.900;   0;   7.5;   5.5;  967.09;    2.2;   76.88;    5.2;    0.2;   -1.1;eor
       2932;20201229;    1;  13.4;   5.4;    1;   0.0;   6;    0.233;   0;   4.9;   6.1;  973.10;    2.1;   85.42;    4.8;   -0.4;   -2.3;eor
       2932;20201230;    1;   9.4;   4.5;    1;   0.2;   6;    3.283;   0;   6.0;   6.2;  985.76;    2.8;   82.79;    5.4;    0.6;   -1.0;eor
       2932;20201231;    1;  10.6;   4.8;    1;   0.3;   8;    5.117;   0;   6.7;   5.6;  989.34;    2.7;   75.92;    4.8;    0.1;   -1.5;eor
       2932;20210101;    1;   5.0;   2.2;    1;   0.2;   8;    0.000;   0;   7.6;   6.5;  991.53;    1.7;   93.33;    3.1;   -1.1;   -4.6;eor
       2932;20210102;    1;   6.5;   2.3;    1;   2.2;   8;    0.000;   0;   6.3;   5.8;  997.48;    1.0;   87.63;    3.7;   -1.8;   -4.5;eor
       2932;20210103;    1;   9.1;   3.9;    1;   5.1;   7;    0.000;   2;   8.0;   6.0;  996.43;    0.1;   97.54;    0.8;   -0.5;   -0.5;eor
       2932;20210104;    1;   6.2;   2.9;    1;   0.7;   8;    0.000;   4;   8.0;   6.1;  999.24;    0.1;   99.71;    0.2;   -0.1;   -0.1;eor
       2932;20210105;    1;   8.1;   3.4;    1;   0.2;   8;    0.000;   2;   8.0;   6.2;  998.96;    0.3;   99.50;    1.0;   -0.1;   -0.1;eor
       2932;20210106;    1;   8.6;   3.2;    1;   0.0;   6;    0.000;   0;   7.7;   6.1;  995.57;    1.1;   92.67;    1.8;   -1.0;   -1.9;eor
       2932;20210107;    1;  10.8;   5.1;    1;   0.1;   7;    0.000;   0;   7.9;   5.4;  994.81;    0.9;   82.71;    2.1;   -0.6;   -1.1;eor
       2932;20210108;    1;   5.7;   2.9;    1;   2.4;   8;    0.000;   0;   7.9;   5.9;  996.27;    0.3;   93.63;    1.8;   -2.1;   -4.0;eor
       2932;20210109;    1;   7.2;   3.2;    1;   1.1;   8;    0.000;   5;   8.0;   5.8; 1004.16;   -0.2;   96.54;    0.3;   -1.3;   -2.2;eor
       2932;20210110;    1;   6.9;   2.5;    1;   0.0;   0;    7.250;   3;   3.6;   5.0; 1007.55;   -1.1;   88.96;    0.9;   -3.4;   -6.5;eor
       2932;20210111;    1;  12.5;   5.9;    1;   0.1;   7;    0.767;   2;   6.7;   4.4; 1002.10;   -1.0;   76.46;    0.8;   -3.9;   -5.3;eor
       2932;20210112;    1;  15.6;   7.3;    1;   2.4;   8;    0.000;   3;   6.3;   5.8;  989.92;    0.9;   88.88;    2.7;   -1.3;   -3.0;eor
       2932;20210113;    1;  19.7;   8.5;    1;   1.8;   8;    0.467;   0;   6.3;   5.7;  992.70;    1.0;   86.08;    2.7;   -0.6;   -1.9;eor
       2932;20210114;    1;  18.3;   5.4;    1;   0.3;   7;    0.250;   3;   7.2;   5.5;  998.95;    0.4;   87.79;    1.7;   -0.6;   -2.6;eor
       2932;20210115;    1;   9.6;   3.5;    1;   0.5;   7;    0.000;   1;   7.8;   5.2; 1007.08;   -0.8;   88.46;    0.1;   -3.0;   -3.9;eor
       2932;20210116;    1;   8.1;   3.7;    1;   0.0;   7;    0.033;   1;   6.9;   3.7; 1007.30;   -3.3;   77.58;   -1.9;   -5.2;   -9.1;eor
       2932;20210117;    1;   4.1;   2.1;    1;   0.7;   7;    7.500;   1;   4.8;   3.7; 1003.00;   -3.8;   79.83;    0.0;   -6.3;  -10.0;eor
       2932;20210118;    1;  12.3;   5.5;    1;   0.6;   8;    0.367;   2;   7.8;   5.9; 1003.25;    1.0;   89.71;    3.3;   -2.8;   -2.9;eor
